15693,La+Force,17288,4,1,95
15654,%C3%80+la+Retraite,8321,3,1,97
14500,La+horde+d%27or,27432,2,1,91
15541,feur,173861,23,1,73
15700,Solo+leveling,20368,4,1,93
15274,FORZA+BRETANIA,300964,36,1,67
15652,ALTZAYA,1664,1,1,105
15323,Solo,1773480,137,1,42
5163,Gold-Oracle,786217,66,1,53
15694,terra+nostrum,4667,1,1,102
15691,Nihilia,50700,9,1,86
15382,Pays+du+Silence,5767420,432,1,23
15567,Les+Chalors,674751,54,1,57
15486,LES+BARBOUZES,1117158,141,3,49
15518,VALENTIA,166235,20,2,74
15644,Guerre+et+Sagesse,94425,16,1,82
15665,Por+la+vida,557827,58,2,59
15458,my+name+is+nobody,961993,76,1,51
15711,les+maboules,101805,38,25,80
15477,POUR+LE+FUN,757770,67,1,54
15715,Paradise+Police,968,1,1,107
15670,bedoul,36526,9,1,88
15525,CHAM+MB1,137975,13,2,78
15707,Auld+Alliance,1763,1,1,104
15247,belgica,99286,22,1,81
15513,Lusithania,1342700,108,1,46
15581,Toulousain,69944,8,1,84
14892,Rantanplan,2090217,178,1,41
15705,-%3DLes+fils+de+Ragnarr%3D-,18179,2,1,94
15687,RES+NON+VERBA,11674120,862,1,15
15701,TRES+LENT,8000,2,1,98
15447,shadow+of+sparta,227033,21,1,72
15400,Elise,789558,87,1,52
15548,Gardes+Forestier,463796,48,1,61
15265,melni+sans+fin,667772,62,1,58
15676,Qhatborh,148831,19,1,76
15188,Irr%C3%A9ductibles,15474353,1177,6,12
15702,MOI.,38283,8,1,87
15666,Ligue+de+D%C3%A9los,1574477,138,5,44
15703,Le+S%C3%A9maphore,32585,3,1,89
15052,SG.1,705757,76,1,55
12897,VI+-+INVICTUS+-+MMXVII,3333117,245,1,37
15679,Gina55,11598,2,1,96
15309,Les+fr%C3%A8res+d%27armes,1550894,156,8,45
15585,RAINBOW+SIX,5622200,421,2,25
13387,Carr%C3%A9+Manchot,1171962,121,1,48
15098,le+ph%C3%A9nix,2562997,255,3,39
6369,%2A+Xeniteas+%2A,26831865,2513,28,8
15359,Dragons+Force,3785792,423,12,33
15639,Empire+romain+d%27orient,122726,16,1,79
15713,%2A+L%27oeil+%2A,146503,15,1,77
6234,les+Achilliens,697743,57,2,56
15710,Le+Pacifiste,345898,31,1,65
14939,Pas+plus+bas...,228,1,1,108
11534,Le+Clan+des+Sages,14854265,1117,5,13
15465,Cocorico,282109,21,1,68
15521,Les+Pieds+Nickel%C3%A9s,4165328,365,9,31
15684,-+L%27Hort+de+las+Fadas+-,1213207,91,1,47
14655,Tousencamion,4908600,370,3,27
15576,Europa+libre,248143,31,2,70
15664,Bim+Bim+Bam,159791,16,1,75
15712,Pacifica,6885,4,1,99
14643,LES+VIEUX+DE+LA+VIEILLE.,3984853,323,1,32
10229,La+Table+Ronde,23428262,1865,11,10
11427,%2A%2A+Corsaires+%2A%2A,10349545,762,2,16
15559,Force+et+robustesse,1079587,79,1,50
15682,Chez+moi,64814,10,1,85
15624,S%C3%A9quanes,85790,9,2,83
15207,teamgers,2867078,219,1,38
15573,en+solitaire,495952,49,1,60
15709,45545kkk,3801,2,1,103
7360,isis+rem,5667336,418,1,24
15708,GBB%27s+Family,349332,40,6,64
13938,Phenix,48762237,3900,7,5
15378,les+disparus,5898,2,2,100
13530,Neutre,23931668,1804,4,9
2547,Ligue+ach%C3%A9enne,27503094,2034,4,7
13860,Claymore,7430660,560,1,21
15672,PALAS,1681598,253,61,43
15600,Fr%C3%A8res+de+la+C%C3%B4te,27991,7,2,90
15039,LES+MAYAS,13167599,1166,4,14
12541,coucou+c%27est+moi,9258796,688,1,17
14962,Les+Hoplites,3396571,260,2,35
3393,Blood+and+Sand,2518005,184,1,40
13109,La+Terrasse,20498,3,2,92
15660,Lez+Hyst%C3%A9riques,349987,33,1,63
15714,Brigade+AC,1252,1,1,106
469,Amis+de+la+Paix+Bor%C3%A9ale,31727905,2571,11,6
15697,Ordo+Novem,5649,2,1,101
625,Vivre+libre+ou+mourir,90029325,6927,14,3
7613,SEBHARIBO,456466,39,2,62
15130,Band+Of+Brothers,16807032,1369,5,11
9666,Union+Fortifi%C3%A9,3436289,253,1,34
14644,Amorphis,3343283,268,1,36
13511,L%27Odyss%C3%A9e,7498100,580,3,20
11190,Club+Wanadoo,271222,57,1,69
12645,-%3DOlympus%3D-,5298421,402,2,26
13738,A+Flo,312874,37,1,66
14828,GA+XX,238877,18,3,71
9741,Hyperborea+Sans+Fin,9092589,755,3,18
14568,Le+Serpentaire,7266335,614,1,22
11887,GREPO+SOLO,4393973,420,14,28
2797,Les+Dieux+Olympiens,68342338,5314,22,4
2568,Force+Honneur+bbaannzzzz,8937640,671,3,19
4220,Chim%C3%A8re,4389692,403,5,29
4629,Renaissance+des+Sombres,262888861,20960,83,1
4963,AS+Spartacus,252677088,19359,46,2
14615,P+E+A+C+E,4291189,322,1,30
