14500,La+horde+d%27or,27432,2,1,85
15541,feur,176443,23,1,72
15274,FORZA+BRETANIA,273899,33,1,66
15652,ALTZAYA,1507,1,1,95
15659,%2A+Solo+%2A,635011,56,1,58
15691,Nihilia,8404,2,1,89
5163,Gold-Oracle,777463,66,1,53
15694,terra+nostrum,1639,1,1,94
15670,bedoul,18829,6,1,87
15518,VALENTIA,152202,19,2,73
15382,Pays+du+Silence,5603656,419,1,24
15644,Guerre+et+Sagesse,67626,9,1,81
15693,La+Force,2024,1,1,93
15696,Farmer%27s,782,1,1,98
15513,Lusithania,1258938,103,1,45
15486,LES+BARBOUZES,1062153,123,3,48
15665,Por+la+vida,429444,45,2,62
15477,POUR+LE+FUN,674927,63,1,55
15687,RES+NON+VERBA,11487518,848,1,17
15458,my+name+is+nobody,784198,66,1,51
15654,%C3%80+la+Retraite,5806,2,1,91
15567,Les+Chalors,570494,50,1,59
15323,Solo,1642201,128,1,42
15581,Toulousain,67688,8,1,80
15447,shadow+of+sparta,225029,20,1,70
15525,CHAM+MB1,109439,11,1,75
14892,Rantanplan,1832316,141,1,41
15247,belgica,92099,17,1,78
15400,Elise,781356,87,1,52
15309,Les+fr%C3%A8res+d%27armes,1476615,131,5,44
15548,Gardes+Forestier,447675,48,1,60
15666,Ligue+de+D%C3%A9los,1483453,123,3,43
15052,SG.1,695388,75,1,54
15098,le+ph%C3%A9nix,2458798,247,3,40
15678,Kylin,63057,13,1,82
15585,RAINBOW+SIX,5486512,410,2,26
15679,Gina55,6353,1,1,90
15265,melni+sans+fin,645618,61,1,57
6234,les+Achilliens,659618,53,2,56
15676,Qhatborh,95749,15,1,77
12897,VI+-+INVICTUS+-+MMXVII,3300281,245,1,36
13387,Carr%C3%A9+Manchot,1171506,121,1,47
15684,-+L%27Hort+de+las+Fadas+-,973058,76,1,49
15576,Europa+libre,235981,29,2,69
6369,%2A+Xeniteas+%2A,26528462,2485,30,9
11534,Le+Clan+des+Sages,14800249,1113,5,15
15639,Empire+romain+d%27orient,111909,14,1,74
15692,L%27homme+sans+qualit%C3%A9s,27694,4,1,84
14939,Pas+plus+bas...,228,1,1,99
15521,Les+Pieds+Nickel%C3%A9s,3734320,326,9,33
14655,Tousencamion,4784117,364,4,28
15359,Dragons+Force,3944060,453,19,31
15465,Cocorico,282109,21,1,65
15664,Bim+Bim+Bam,103295,16,1,76
625,Vivre+libre+ou+mourir,88741831,6830,14,3
15573,en+solitaire,447568,48,1,61
15559,Force+et+robustesse,930649,71,1,50
14643,LES+VIEUX+DE+LA+VIEILLE.,3859708,317,1,32
11427,%2A%2A+Corsaires+%2A%2A,10276483,752,2,18
15207,teamgers,2684876,205,1,38
15682,Chez+moi,55771,8,1,83
15624,S%C3%A9quanes,88464,13,3,79
15188,Irr%C3%A9ductibles,15330907,1162,6,14
10229,La+Table+Ronde,23010509,1840,11,11
7360,isis+rem,5521290,407,1,25
15600,Fr%C3%A8res+de+la+C%C3%B4te,20153,6,2,86
15672,PALAS,1246443,191,52,46
2547,Ligue+ach%C3%A9enne,27242923,2007,4,8
15378,les+disparus,4559,3,3,92
15039,LES+MAYAS,12865044,1136,4,16
13860,Claymore,7428818,560,1,20
13938,Phenix,48198161,3848,7,5
12541,coucou+c%27est+moi,9258796,688,1,19
13530,Neutre,23804966,1790,4,10
14962,Les+Hoplites,3362123,260,2,35
3393,Blood+and+Sand,2516270,184,1,39
13109,La+Terrasse,18263,3,2,88
469,Amis+de+la+Paix+Bor%C3%A9ale,31490737,2549,10,7
15697,Ordo+Novem,1329,1,1,96
15660,Lez+Hyst%C3%A9riques,215835,25,1,71
15698,Ready,1299,1,1,97
7613,SEBHARIBO,428602,39,3,63
15130,Band+Of+Brothers,16191810,1312,5,13
9666,Union+Fortifi%C3%A9,3385546,250,1,34
14644,Amorphis,3295601,268,1,37
12645,-%3DOlympus%3D-,5112969,387,2,27
11190,Club+Wanadoo,270665,57,1,67
13511,L%27Odyss%C3%A9e,7371319,564,3,21
13738,A+Flo,302956,37,1,64
14828,GA+XX,238877,18,3,68
9741,Hyperborea+Sans+Fin,16324399,1284,4,12
14568,Le+Serpentaire,7134229,604,1,22
11887,GREPO+SOLO,4161636,403,14,29
2797,Les+Dieux+Olympiens,66776079,5170,19,4
2568,Force+Honneur+bbaannzzzz,45145018,3350,12,6
4220,Chim%C3%A8re,6496868,622,6,23
14615,P+E+A+C+E,4133347,311,1,30
4963,AS+Spartacus,212091907,16334,37,2
4629,Renaissance+des+Sombres,267478440,21237,82,1
