15711,les+maboules,80370,32,24,83
15654,%C3%80+la+Retraite,8321,3,1,97
14500,La+horde+d%27or,27432,2,1,90
15541,feur,173861,23,1,73
15382,Pays+du+Silence,5680705,426,1,23
15693,La+Force,13527,3,1,95
15652,ALTZAYA,1590,1,1,105
15323,Solo,1761358,137,1,42
5163,Gold-Oracle,785053,66,1,53
15694,terra+nostrum,4586,1,1,100
15691,Nihilia,44690,7,1,86
15665,Por+la+vida,545083,57,2,59
15513,Lusithania,1334894,107,1,46
15518,VALENTIA,163802,20,2,74
15644,Guerre+et+Sagesse,92839,16,1,81
15274,FORZA+BRETANIA,296170,34,1,67
15567,Les+Chalors,664450,52,1,57
15700,Solo+leveling,16585,3,1,93
15486,LES+BARBOUZES,1116101,140,3,49
15477,POUR+LE+FUN,751309,67,1,54
15670,bedoul,34730,9,1,87
15525,CHAM+MB1,136089,13,2,78
15458,my+name+is+nobody,945496,75,1,51
15687,RES+NON+VERBA,11639251,859,1,15
15707,Auld+Alliance,1715,1,1,104
15247,belgica,98311,22,1,80
15581,Toulousain,69944,8,1,84
14892,Rantanplan,2088238,178,1,41
15705,-%3DLes+fils+de+Ragnarr%3D-,16560,2,1,94
625,Vivre+libre+ou+mourir,89828868,6908,14,3
15447,shadow+of+sparta,227033,21,1,72
15400,Elise,789558,87,1,52
15701,TRES+LENT,5707,1,1,99
15548,Gardes+Forestier,462536,48,1,61
15265,melni+sans+fin,663311,62,1,58
15676,Qhatborh,143834,19,1,77
15188,Irr%C3%A9ductibles,15468557,1177,6,12
15702,MOI.,33665,7,1,88
15585,RAINBOW+SIX,5609837,420,2,25
15703,Le+S%C3%A9maphore,32585,3,1,89
15052,SG.1,705209,76,1,55
15666,Ligue+de+D%C3%A9los,1541137,136,5,44
12897,VI+-+INVICTUS+-+MMXVII,3333117,245,1,37
15309,Les+fr%C3%A8res+d%27armes,1536055,151,7,45
15679,Gina55,11064,2,1,96
13387,Carr%C3%A9+Manchot,1171962,121,1,48
15098,le+ph%C3%A9nix,2553860,255,3,39
14655,Tousencamion,4895626,369,3,27
15639,Empire+romain+d%27orient,122726,16,1,79
15713,%2A+L%27oeil+%2A,146275,15,1,76
6234,les+Achilliens,694919,57,2,56
15710,Le+Pacifiste,341823,31,1,63
14939,Pas+plus+bas...,228,1,1,107
15359,Dragons+Force,3752234,421,12,33
15576,Europa+libre,243632,30,2,70
11534,Le+Clan+des+Sages,14849192,1116,5,13
15465,Cocorico,282109,21,1,68
15684,-+L%27Hort+de+las+Fadas+-,1196698,90,1,47
15712,Pacifica,2209,1,1,103
15664,Bim+Bim+Bam,156761,16,1,75
15521,Les+Pieds+Nickel%C3%A9s,4092818,357,9,31
15573,en+solitaire,481956,48,1,60
14643,LES+VIEUX+DE+LA+VIEILLE.,3976017,323,1,32
15559,Force+et+robustesse,1062232,78,1,50
11427,%2A%2A+Corsaires+%2A%2A,10341142,759,2,16
15708,GBB%27s+Family,305465,34,6,66
15682,Chez+moi,64814,10,1,85
15624,S%C3%A9quanes,83648,9,2,82
6369,%2A+Xeniteas+%2A,26659788,2490,27,8
7360,isis+rem,5652387,417,1,24
15207,teamgers,2855302,217,1,38
15709,45545kkk,3801,2,1,102
10229,La+Table+Ronde,23394026,1864,11,10
469,Amis+de+la+Paix+Bor%C3%A9ale,31710285,2568,10,6
15378,les+disparus,5812,2,2,98
15672,PALAS,1598314,241,59,43
13530,Neutre,23849630,1798,4,9
2547,Ligue+ach%C3%A9enne,27473262,2033,4,7
13860,Claymore,7430660,560,1,21
15039,LES+MAYAS,13147253,1164,4,14
13938,Phenix,48623082,3888,7,5
15600,Fr%C3%A8res+de+la+C%C3%B4te,27041,7,2,91
12541,coucou+c%27est+moi,9258796,688,1,17
14962,Les+Hoplites,3396035,260,2,35
3393,Blood+and+Sand,2517708,184,1,40
13109,La+Terrasse,20245,3,2,92
15660,Lez+Hyst%C3%A9riques,340957,31,1,64
15697,Ordo+Novem,4123,1,1,101
15714,Brigade+AC,1252,1,1,106
7613,SEBHARIBO,450873,39,2,62
15130,Band+Of+Brothers,16413030,1342,5,11
9666,Union+Fortifi%C3%A9,3433568,253,1,34
14644,Amorphis,3336563,268,1,36
13511,L%27Odyss%C3%A9e,7480979,578,3,20
11190,Club+Wanadoo,271222,57,1,69
12645,-%3DOlympus%3D-,5229741,398,2,26
13738,A+Flo,309590,37,1,65
14828,GA+XX,238877,18,3,71
14568,Le+Serpentaire,7254953,613,1,22
9741,Hyperborea+Sans+Fin,8992977,748,3,18
11887,GREPO+SOLO,4364942,419,15,28
2797,Les+Dieux+Olympiens,67994859,5280,22,4
2568,Force+Honneur+bbaannzzzz,8937666,671,3,19
4220,Chim%C3%A8re,4354779,400,5,29
4963,AS+Spartacus,251812608,19294,46,2
14615,P+E+A+C+E,4277098,321,1,30
4629,Renaissance+des+Sombres,270197336,21480,82,1
