15654,%C3%80+la+Retraite,8321,3,1,98
14500,La+horde+d%27or,27432,2,1,90
15541,feur,173861,23,1,73
15700,Solo+leveling,22435,4,1,91
15274,FORZA+BRETANIA,302764,36,1,67
15652,ALTZAYA,1694,1,1,104
5163,Gold-Oracle,787379,66,1,53
15694,terra+nostrum,4667,1,1,101
15691,Nihilia,54307,9,1,86
15705,-%3DLes+fils+de+Ragnarr%3D-,20639,3,1,93
15567,Les+Chalors,682728,54,1,57
15665,Por+la+vida,574537,61,2,59
15518,VALENTIA,171659,20,2,74
15644,Guerre+et+Sagesse,96118,16,1,82
15382,Pays+du+Silence,5859737,438,1,23
15687,RES+NON+VERBA,11702822,864,1,15
15693,La+Force,21498,5,1,92
15486,LES+BARBOUZES,1121471,144,3,49
15715,Paradise+Police,968,1,1,106
15670,bedoul,38241,9,1,87
15525,CHAM+MB1,140840,13,2,78
15458,my+name+is+nobody,979534,78,1,51
15707,Auld+Alliance,1771,1,1,103
15247,belgica,99500,22,1,81
15513,Lusithania,1347320,108,1,46
15581,Toulousain,70366,8,1,84
14892,Rantanplan,2101377,178,1,41
15711,les+maboules,127293,44,24,79
15477,POUR+LE+FUN,764751,69,1,54
15323,Solo,1782669,140,1,43
15701,TRES+LENT,9512,2,1,97
15447,shadow+of+sparta,227033,21,1,72
15400,Elise,789558,87,1,52
15548,Gardes+Forestier,463796,48,1,61
15265,melni+sans+fin,671635,62,1,58
15309,Les+fr%C3%A8res+d%27armes,1595606,163,8,44
6234,les+Achilliens,701096,58,2,56
15188,Irr%C3%A9ductibles,12541164,965,5,14
15585,RAINBOW+SIX,5635194,422,2,25
15676,Qhatborh,155562,20,1,77
15666,Ligue+de+D%C3%A9los,1592674,139,5,45
15703,Le+S%C3%A9maphore,32585,3,1,88
15052,SG.1,706195,76,1,55
12897,VI+-+INVICTUS+-+MMXVII,3333117,245,1,37
15679,Gina55,11918,2,1,95
15098,le+ph%C3%A9nix,2572424,256,3,39
13387,Carr%C3%A9+Manchot,1171962,121,1,48
15521,Les+Pieds+Nickel%C3%A9s,4204989,372,9,31
15359,Dragons+Force,3763783,418,11,33
15639,Empire+romain+d%27orient,122726,16,1,80
6369,%2A+Xeniteas+%2A,27030145,2525,28,8
15710,Le+Pacifiste,346277,31,1,65
14939,Pas+plus+bas...,228,1,1,107
14655,Tousencamion,4915037,371,3,27
15713,%2A+L%27oeil+%2A,158055,16,1,76
15712,Pacifica,9652,5,1,96
15684,-+L%27Hort+de+las+Fadas+-,1232252,93,1,47
15465,Cocorico,282109,21,1,68
11534,Le+Clan+des+Sages,14961697,1126,5,12
15576,Europa+libre,249883,31,2,70
15664,Bim+Bim+Bam,166034,16,1,75
15559,Force+et+robustesse,1105375,81,1,50
15207,teamgers,2882861,221,1,38
14643,LES+VIEUX+DE+LA+VIEILLE.,3991004,323,1,32
10229,La+Table+Ronde,23459055,1872,11,10
11427,%2A%2A+Corsaires+%2A%2A,10355379,762,2,16
7360,isis+rem,5681917,420,1,24
15682,Chez+moi,64814,10,1,85
15624,S%C3%A9quanes,86844,9,2,83
15708,GBB%27s+Family,363560,41,6,63
15573,en+solitaire,496853,49,1,60
15709,45545kkk,3801,2,1,102
13530,Neutre,23948835,1805,4,9
2547,Ligue+ach%C3%A9enne,27607570,2041,4,7
15378,les+disparus,6616,2,2,100
13938,Phenix,48868138,3908,7,5
15039,LES+MAYAS,13220129,1171,4,13
13860,Claymore,7430660,560,1,21
15672,PALAS,1876606,290,66,42
15600,Fr%C3%A8res+de+la+C%C3%B4te,29550,7,2,89
12541,coucou+c%27est+moi,9258796,688,1,17
14962,Les+Hoplites,3404180,260,2,35
3393,Blood+and+Sand,2518515,184,1,40
13109,La+Terrasse,20569,3,2,94
15660,Lez+Hyst%C3%A9riques,358201,36,1,64
15714,Brigade+AC,1252,1,1,105
469,Amis+de+la+Paix+Bor%C3%A9ale,31736799,2571,11,6
15697,Ordo+Novem,6952,2,1,99
625,Vivre+libre+ou+mourir,90232991,6968,14,3
7613,SEBHARIBO,462465,40,2,62
15130,Band+Of+Brothers,16850728,1369,5,11
9666,Union+Fortifi%C3%A9,3439596,253,1,34
14644,Amorphis,3349782,268,1,36
11190,Club+Wanadoo,271222,57,1,69
13511,L%27Odyss%C3%A9e,7508609,581,3,20
12645,-%3DOlympus%3D-,5351552,405,2,26
13738,A+Flo,315275,37,1,66
14828,GA+XX,238877,18,3,71
9741,Hyperborea+Sans+Fin,9137679,758,3,18
14568,Le+Serpentaire,7294506,616,1,22
11887,GREPO+SOLO,4429541,425,14,28
2797,Les+Dieux+Olympiens,68592583,5335,22,4
2568,Force+Honneur+bbaannzzzz,8928691,671,3,19
4220,Chim%C3%A8re,4391470,403,5,29
14615,P+E+A+C+E,4306948,324,1,30
4963,AS+Spartacus,253248037,19399,46,2
4629,Renaissance+des+Sombres,263898869,21046,83,1
