6234,les+Achilliens,665944,54,2,56
14500,La+horde+d%27or,27432,2,1,86
15541,feur,174840,23,1,72
15691,Nihilia,13575,3,1,90
15670,bedoul,20849,7,1,88
15652,ALTZAYA,1534,1,1,97
15659,%2A+Solo+%2A,651809,56,1,57
15513,Lusithania,1266458,104,1,46
5163,Gold-Oracle,778294,66,1,53
15694,terra+nostrum,1824,1,1,95
15458,my+name+is+nobody,799253,67,1,51
15518,VALENTIA,153090,19,2,73
15382,Pays+du+Silence,5610981,419,1,24
15567,Les+Chalors,583873,51,1,59
15644,Guerre+et+Sagesse,72170,9,1,80
15693,La+Force,2263,1,1,94
15696,Farmer%27s,782,1,1,102
15274,FORZA+BRETANIA,286483,34,1,65
15486,LES+BARBOUZES,1062153,123,3,48
15665,Por+la+vida,438043,45,2,62
15477,POUR+LE+FUN,684514,63,1,55
15687,RES+NON+VERBA,11505081,849,1,17
14892,Rantanplan,1938236,157,1,41
15654,%C3%80+la+Retraite,5806,2,1,92
15323,Solo,1650562,128,1,42
15581,Toulousain,67985,8,1,81
15447,shadow+of+sparta,225394,20,1,71
15525,CHAM+MB1,111253,11,1,75
15247,belgica,92208,17,1,79
15700,Solo+leveling,1317,1,1,99
15400,Elise,785434,87,1,52
15701,TRES+LENT,1077,1,1,101
15309,Les+fr%C3%A8res+d%27armes,1478559,131,5,44
15548,Gardes+Forestier,450230,48,1,61
15052,SG.1,695967,75,1,54
15098,le+ph%C3%A9nix,2463231,247,3,40
15678,Kylin,65899,13,1,82
15585,RAINBOW+SIX,5491350,410,2,26
15679,Gina55,6328,1,1,91
15265,melni+sans+fin,648690,61,1,58
15676,Qhatborh,101110,15,1,77
15702,MOI.,1435,1,1,98
12897,VI+-+INVICTUS+-+MMXVII,3304470,245,1,36
15703,Le+S%C3%A9maphore,31384,4,2,84
15666,Ligue+de+D%C3%A9los,1484675,124,4,43
13387,Carr%C3%A9+Manchot,1171769,121,1,47
15576,Europa+libre,237628,29,2,69
6369,%2A+Xeniteas+%2A,26418364,2469,29,9
15359,Dragons+Force,3898208,446,17,31
15692,L%27homme+sans+qualit%C3%A9s,29730,4,1,85
14939,Pas+plus+bas...,228,1,1,103
14655,Tousencamion,4793527,365,4,28
15521,Les+Pieds+Nickel%C3%A9s,3812562,332,9,33
15465,Cocorico,282109,21,1,66
11534,Le+Clan+des+Sages,14806070,1114,5,15
15684,-+L%27Hort+de+las+Fadas+-,999529,78,1,49
15664,Bim+Bim+Bam,108308,16,1,76
15639,Empire+romain+d%27orient,115948,15,1,74
15188,Irr%C3%A9ductibles,15347686,1163,6,14
15573,en+solitaire,450843,48,1,60
15559,Force+et+robustesse,938386,72,1,50
15624,S%C3%A9quanes,95657,14,3,78
15207,teamgers,2720382,207,1,38
15682,Chez+moi,59479,8,1,83
7360,isis+rem,5530844,408,1,25
14643,LES+VIEUX+DE+LA+VIEILLE.,3871386,318,1,32
10229,La+Table+Ronde,23066852,1843,11,11
11427,%2A%2A+Corsaires+%2A%2A,10309120,754,2,18
15600,Fr%C3%A8res+de+la+C%C3%B4te,20892,6,2,87
13938,Phenix,48282608,3855,7,5
15672,PALAS,1403006,211,55,45
15378,les+disparus,4894,3,3,93
2547,Ligue+ach%C3%A9enne,27260522,2011,4,8
13860,Claymore,7428899,560,1,20
15039,LES+MAYAS,12905921,1139,4,16
12541,coucou+c%27est+moi,9258796,688,1,19
13530,Neutre,23808017,1790,4,10
14962,Les+Hoplites,3365718,260,2,35
3393,Blood+and+Sand,2516339,184,1,39
13109,La+Terrasse,18553,3,2,89
469,Amis+de+la+Paix+Bor%C3%A9ale,31505703,2549,10,7
15660,Lez+Hyst%C3%A9riques,227111,26,1,70
15697,Ordo+Novem,1720,1,1,96
15698,Ready,1299,1,1,100
7613,SEBHARIBO,433000,39,3,63
15130,Band+Of+Brothers,16198167,1312,5,13
625,Vivre+libre+ou+mourir,88941698,6850,14,3
9666,Union+Fortifi%C3%A9,3394676,250,1,34
14644,Amorphis,3299053,268,1,37
11190,Club+Wanadoo,270665,57,1,67
13511,L%27Odyss%C3%A9e,7383494,565,3,21
12645,-%3DOlympus%3D-,5131947,389,2,27
13738,A+Flo,302956,37,1,64
14828,GA+XX,238877,18,3,68
14568,Le+Serpentaire,7148226,605,1,22
9741,Hyperborea+Sans+Fin,16333497,1284,4,12
11887,GREPO+SOLO,4180387,405,14,29
2797,Les+Dieux+Olympiens,66853309,5175,19,4
2568,Force+Honneur+bbaannzzzz,45222593,3355,12,6
4220,Chim%C3%A8re,6499488,622,6,23
4963,AS+Spartacus,212337532,16357,37,2
4629,Renaissance+des+Sombres,267981484,21279,82,1
14615,P+E+A+C+E,4148148,312,1,30
