849063757,Tetsuo69,15672,1079,474,1
335335,taxi72009,469,4913275,86,432
849109431,Ttlegrand,,2746,444,1
849073280,MAP54,,7733,416,1
849108909,Verbalisator,2797,16266,404,4
849110194,Samoura,,0,519,0
848985825,miltiade68,15672,167227,322,16
848936177,marsiud,11887,461885,270,76
2599009,batata1978,15672,2563,447,1
2290143,ubrick,,0,522,0
849067572,benaitreau,15309,1103,472,1
2777940,Saint-Andr%C3%A9,15672,1756,454,1
848921471,jlbb,,932,481,1
849110532,guest-6adf8a7f7e9c4ab2a2,,0,511,0
3430193,phdu,15666,611,491,1
848963127,SILVER6299,15672,33919,380,7
849110553,Renard+2,15698,1299,467,1
4416740,JAILOO,15359,26628,389,5
848946367,benuche35,15274,273899,300,33
849079470,mans31,6369,241670,307,18
848942754,Practolos,15672,1178,469,1
849108692,Electre,,1709,456,1
896617,remidu95240,,0,518,0
849066898,PEACETOS+QC,,0,516,0
177982,Asclepsios,4963,4557244,97,333
3792931,DSF+Niby,15692,27694,386,4
1092993,SALAMANDE,2797,7308,419,2
4897404,Fa%C3%AFdel,15672,3573,440,1
849060950,Ttinair,15672,3825,437,2
1013305,vicky2000,15694,1639,458,1
849081800,Luxurius,15600,13866,408,3
849094979,Jaemsdu82370,,41691,376,4
849110297,guest-80e493a7d0864eb7a8,,0,512,0
849110572,Hermanos,,0,515,0
849098026,guest-bdc104458ab4400fa9,,0,513,0
848942103,-Melchior-,15696,782,486,1
849087231,Jagjag,,736,487,1
849110005,guest-419ba9c1fc20437889,,0,510,0
4082924,diego3,15309,1244,468,1
849105783,Ganorzek,2797,11070,410,4
2917423,skinnerx5,,0,520,0
849082607,Utaelu,15682,55771,369,8
3366852,rolando1,11534,4531041,98,333
849109495,popof,15518,2416,448,1
849003182,Clade10,6369,198439,315,20
849097145,Ar+Ankou,2797,4165,435,1
849070442,solei,4220,18782,398,3
4161692,hareng+sort,15672,1704,457,1
4247039,jijitobaba,14939,228,504,1
849085582,derbantin,15521,368608,281,32
849109850,Grobelix,,525,501,1
1470129,Saint+Achille+Akhilleus,10229,82438,346,8
3419723,red+matteo,,0,517,0
1375406,yann+31,,528,500,1
849109406,Napoleon17081752,11887,3131,443,1
1617582,SYLPIDRA4,,0,521,0
3525673,nene194,15672,562,494,1
849109443,MiloulaTannerie,,573,493,1
849081602,TatieMag,15378,1347,465,1
849110470,Zagreus1802,,719,489,1
848980639,demo340,4220,3423,441,1
4820234,caeron,,899,483,1
849110393,Antinouis,15672,1170,470,1
849061643,-hpfer-,15576,62032,363,5
849097912,dragonia,,988,478,1
119662,thyn,15672,2613,446,1
4895054,pastisricard,10229,618154,249,49
849103149,jacknapadi,11887,22232,395,3
849096521,zenit031,14655,26425,390,4
849100651,ROGUE7777,15672,1154,471,1
849110984,Lebreton,,915,482,1
849101693,Solivagant,4963,284498,296,24
849096570,rico011,14655,26129,391,4
1842266,Touifi,15548,447675,271,48
848883365,Aegidius97,15672,197,507,1
849107460,Rootwood,15672,1437,462,1
1383865,hemdall,15672,5889,423,2
849103300,Justalex,15672,1062,475,1
848987258,Horizoon,,522,502,1
849102523,cobra36,15666,1060,476,1
849105334,Doudoukse,15672,881,484,1
849100862,Lempicka-4,2568,16421,403,2
4544980,king-one,15672,5420,427,3
1542840,henrick69,15359,63361,361,7
849101797,Gedeon29,15624,31005,381,6
849103668,Anthony+2026,15672,29050,384,4
1425420,gina55,15679,6353,421,1
848938194,marcob1,15525,109439,337,11
849106953,MVS89,11887,20627,396,3
1320435,Hiram+Abif,13109,932,480,1
3324271,erika92,,1753,455,1
402207,rel87,3393,2516270,145,184
849102549,CBB39,15359,3353,442,1
849054895,kiezer,6369,98302,340,10
849033011,lutsu,15654,5806,424,2
224490,Octilis,15378,961,479,1
849046536,Aster62,,221,505,1
849094802,Espadon+Fougueux,15624,56723,367,6
849104067,sozz%C3%A9116,13511,1510,459,1
2564622,drattoc,7613,408371,275,35
848973404,Cadig72,,175,508,1
920053,CIRE72,,12312911,12,904
849095508,Maxime192013,,587,492,1
849109852,Namiah,15697,1329,466,1
849099535,Guerveur,15672,1477,461,1
848886373,Geminisirius,,0,509,0
4910149,bionana,15672,40736,377,7
3898231,vice.1,,557,496,1
393186,backersfield,,561,495,1
849106007,Pochita,15359,65427,359,7
3222309,bissaquine,2797,477044,267,42
849098112,lyanna2025,,551,498,1
848891892,Mocen,2797,10388,411,2
849101386,V%C3%A9g%C3%A9ta89,15359,29873,382,4
849048602,Sebio,6369,137308,329,18
3589514,Le+Gitan+65,15672,3808,438,1
849105979,Dedjo,15359,44530,373,7
849043944,Ptahotem,,7578,417,2
849103794,Shyarlie+Enora,,97571,341,11
849049689,voyageur51,15672,221,506,1
1503522,fabien674,,653,490,1
215977,arnaudbernier,6369,75550,351,8
2013273,Malraux,2547,3758184,116,274
849105046,Borg2,15672,1016,477,1
978595,acquario,15672,1385,463,1
849110184,Tiglat,,553,497,1
849082865,Jedi+Juste,15693,2024,452,1
849023877,Alf2010,7613,8929,413,2
999346,chipiepingping,15672,7509,418,2
849085513,watsolmes,15521,252500,305,26
2662534,Dezza,,5726,425,2
4617361,zaduc,,1093,473,1
849008149,KiraOmbre,4629,607618,250,62
3745681,Kotani,15664,103295,339,16
849110204,Iffum,,537,499,1
848939278,Sancti,15672,1363,464,1
849044273,noyt,625,558771,260,56
849089249,Christian67,6369,3828,436,1
849106135,Suerte80,,10237,412,2
849079995,urka,15672,54864,370,4
849082762,esisteban,15521,383571,280,34
413898,galuremarche,,785,485,1
4388585,Finduilas79,11534,125685,331,21
4777266,Eniotna,15672,34977,379,6
849109404,Napoleon1708,15309,2121,451,1
2449294,TexMex,,1343077,193,111
849099332,Flonaldo,15672,4806,431,2
4866910,zeusb007,6369,337041,286,39
1357735,Mankao,15672,37143,378,6
849042955,Welvinborg,,441,503,1
2567659,rachon333,15359,42712,375,6
1324486,neohector,,72856,352,8
849104429,Rayvar,15672,3807,439,1
849004488,Adriana,15672,76753,350,12
933437,kids84,15672,5372,428,2
849107994,VengeurSageGalor21411488,15672,1847,453,1
849086014,Mercedes,15359,358153,282,37
849093988,Pri0xx,625,58980,364,7
849109727,Cygogne59,15672,4356,434,2
683056,fouding,15359,311135,288,35
849104368,rflupke,15672,2671,445,1
848896550,papimouzo,6369,209384,313,22
849052930,eric+9865,7613,11302,409,2
849083261,V8+5.2+litres,,0,523,0
849055223,dioufy,11887,18098,400,3
1717618,snackiller,6369,821580,223,66
849108171,RugissantYfyfttffyf46561,15378,2251,449,1
848892201,zxr750r,15247,92099,343,17
454117,Brochet38000,4629,5200625,80,464
49998,Claymore,13860,7428818,47,560
849053695,TOTO181123,15359,406197,276,43
4462566,gros1919,15672,13993,407,3
2937274,Fourtou,15130,3269274,126,302
1971247,Rand+le+calme,625,13116699,8,957
1790666,aladin630,4629,1044737,211,124
4443132,Dom030567,2568,68580,353,5
1687474,KOUYATE,,89344,344,12
2854603,American+XIII,4629,1057652,209,96
849090540,Chatouilleur,4629,682621,240,51
618197,For+Poseidon,6369,56713,368,6
3708223,Corentt%C3%AEn,10229,642436,245,56
849109589,Elisabetheu2.0,,8043,415,2
1110109,hadessamafr,4629,4563844,96,340
1922799,Val+Can,15659,635011,247,56
849089917,hardpunk,6369,301276,292,32
849096512,titeuf,14655,26094,392,4
849082486,Imer19,6369,556907,262,50
4914563,ingridia,15672,5487,426,1
848985403,Sakura1,15672,15013,405,3
1457157,billloud,4629,585346,253,49
1204859,romainp16,6234,152126,324,16
1687361,ggdm1,2568,10267643,18,754
848906341,asteria56,6369,560917,258,43
849104469,valfrosore,15672,6838,420,2
4906644,walacel,15447,225029,310,20
1917871,03jules,15359,103589,338,15
3534158,Kenzo139,15039,4167524,104,388
849032312,Jerem+le+conquerant,15309,1290422,197,110
4072513,Prestro,9741,7406219,49,541
1785685,nicolas+D1,15678,63057,362,13
4340219,Akasenshi98,15672,5362,429,1
3753151,cemwamem,10229,142505,327,13
849093785,almasse721,15652,1507,460,1
849104746,lkhlgkjgkgkjglh,15600,6287,422,3
849100560,BENzo,2797,571805,255,43
848953976,Ath%C3%A9na%C3%AFs2307,6369,2013005,165,153
848918202,Lea666,,246888,306,18
1911590,Hawkmoon269,4629,4567428,95,333
848308,squalerik,4629,348790,284,42
849052039,mako1,11887,2204,450,1
849046108,Hinuir,2797,1541065,179,120
1942137,Wohjing,4963,8199260,34,599
3531872,jordalyne,11534,402088,278,44
849081216,topilouf,15521,545775,263,45
1944560,Leglandeur92,4963,9548731,25,698
3935316,Lutti389,15672,168669,321,17
849109494,Goudurix,15359,14241,406,3
4365139,MisterBack,15624,736,488,1
163574,Parandus,469,10061229,21,755
805555,koco57,2547,6755388,60,495
3884410,SanofiAventis,4963,6938472,56,605
3996065,Ktek,15672,65389,360,7
604154,lalouve66,4963,4707618,91,345
849052902,justo64,15518,149786,326,18
849100095,TonChat,,117013,333,14
169058,arnaud49,15098,306259,289,27
849094304,Tchoopolis84,,4542,432,2
4906567,MissLazu,6369,3652598,119,317
4242043,fautvoir21,15265,645618,243,61
1919067,Eeth-Koth,2797,4673094,93,419
848926174,Fla57320,11887,27432,387,2
849076544,P%C3%A9riclith%C3%A8s,15691,8404,414,2
1298422,Maureen881,469,112645,335,13
848940660,Afreu,4629,948379,217,114
1931319,marseillais02300,4629,4362398,100,389
849103529,kevin3115,15672,151188,325,19
1412613,kyanos,15039,3850645,114,330
129433,pollux38,4629,12990310,9,952
4826087,jogger,469,58653,365,11
849105609,Dark+Ga%C3%AFa,15672,18375,399,4
27574,pypo,4963,8036475,36,588
1343843,gabare,15585,2483591,147,185
849042809,ymt16735,4629,1353173,190,99
849054056,Britanian,4629,2222404,155,166
1144513,titi+999,4629,561597,257,48
1295601,Themodocle,10229,6646546,62,487
1317333,djney,4629,1726499,176,140
4328865,Emrys1597,11887,271884,302,27
3533984,Thorgal25,15039,1227170,200,99
3123223,le+poulbot,4629,3726895,117,362
1681513,matlili3,13511,2462378,148,194
849086557,Ratatouille17,15573,447568,272,48
1867727,coup-mouss,11534,5139400,83,375
4081018,pataplouf33,15672,17304,402,4
2277926,furibond,15359,293135,294,36
4910143,Carthagenus,15666,1481782,184,121
1057486,nono+man,15130,3989974,108,291
26267,titou38,4629,4193484,103,345
308035,jejebabi,625,8030853,37,589
1176796,bedoul,15670,18829,397,6
3053728,Titofff,2797,14672902,2,1070
228407,Dexir,4629,2541072,142,220
471045,OM76,11427,3377464,123,247
3672868,Phild65,4629,1518593,181,116
932346,petitbandit,15130,2386904,150,182
1688629,Cap2matxo,4963,5468811,74,420
849081933,Furyia,2797,277692,299,28
2094801,tueur+5,4629,796210,224,64
4918537,HellRaiserT,15672,141510,328,16
419305,belleamour,12645,4756123,90,352
4070907,florianh89,10229,720969,233,62
186193,MICHELBRU,4629,7114611,53,525
4657385,BrEwArDe,625,5244233,79,481
263677,esmheralda,4629,9320286,26,695
380152,crazyfilou,625,5000106,84,389
1393972,IMITH,4629,2252780,154,211
2573526,Alfred78,4963,3865724,112,290
722826,miles438,4629,5379461,77,394
1356374,kaisersos%C3%A9,2797,2407129,149,202
2095648,Mitsumasa+Kido,4963,5139716,82,376
1888072,patatoch73,13938,12679941,11,929
849070468,BETTYBOOP,15486,224366,311,33
836859,Polubios,2547,9707474,23,710
1059963,KFAB57,4629,5775347,69,428
252312,titeuf42,6369,5441604,75,400
4735017,Brakus,14828,79507,349,6
4892836,shelby80320,,704463,235,63
1208925,Yggr,13938,8934123,31,898
2928748,reexana69,15130,2613505,139,241
849102483,Kenshicarus,4629,414297,274,35
2344908,Mrmonsteur,15672,5114,430,2
1189933,PILOU95,4629,2074329,162,187
4536002,jefflomme,15188,5723576,70,422
1090555,Dargun,4629,1204510,201,98
788545,germaine136,2547,7021877,55,528
4098162,ZORBECLEGRAS,13938,7684833,40,567
252582,Elyk,6369,302926,291,25
2132044,Konstantou,4629,1816733,173,159
1709892,Kervador29,13938,9072981,29,662
4311892,nic0b01,6369,294566,293,33
3225221,Gusgui27,15672,53355,372,9
848960763,john03140,4629,703692,236,68
4645712,steve.0,15207,2684876,138,205
848947799,loumos,11887,1180911,203,89
849081089,kikidou,15521,575709,254,49
849085454,nicoLeVoyageur,15521,405460,277,34
1843936,Ath%C3%A9na450,15644,67626,356,9
238624,den71,5163,777463,227,66
1087174,alph%C3%A9e50,11427,6899019,57,505
849062858,Charlemagne59,2797,2528335,143,187
4067667,benzoni2015,4963,1916301,167,223
1986254,ugis,2797,1180004,204,125
848948620,doudoupremier,15486,193248,316,29
849102664,H%C3%A9rodote,15672,28476,385,3
688467,victor+newman,2797,9246995,28,695
849102309,AresCool,15665,226213,309,26
849090507,Hydre4654,15188,159166,323,15
1722479,Hugov+Ier,14962,2336763,151,180
849072951,emy+sterre,15458,784198,225,66
80931,neuneu,6369,1128588,206,103
2488129,lafteur,12541,9258796,27,688
3365763,stephoss,4629,945825,218,117
849055850,foufalo,11887,67797,354,7
453332,napoleon17,15585,3002921,131,225
4524352,HELIOSPARTOS,4629,5389877,76,411
421488,Mythriomid%C3%A9e,14962,1025360,214,80
848953153,BRUNO44000,2568,128367,330,21
3875018,soupepekinois,15359,432807,273,40
681046,mongeneral,625,2179893,158,218
3443166,NWAWS,15660,215835,312,25
1371874,LeGrizzly,4963,13819918,6,1008
849110325,guest-d3ff9a3318314f2fa1,,0,514,0
2075244,donjon28,4963,1778866,175,203
931863,isabellacity,6369,772222,228,109
3566015,kikoo5937,15639,111909,336,14
1612962,xxhatchepsoutxx,4963,7667006,41,573
370615,Sir+Guingamp,15559,930649,219,71
4849442,barcus64,2568,7824339,38,571
1886309,Lapo%C3%A9l%C3%A9sos,15521,586122,252,49
483014,totor777,4629,4333756,102,373
195585,philou62,4629,5348478,78,400
848942967,peric113,2797,4957655,85,433
3673902,aurore-rose,15400,781356,226,87
781488,jugui,15687,11487518,15,848
53068,politesse,469,7584948,43,553
793147,gaulois99,11887,1406436,186,114
1488647,willydu61,4963,12059629,13,886
1773508,Icaredison,4963,7573624,44,558
756988,laraindiana,15052,695388,237,75
849080334,Klargus,4629,559126,259,49
4099390,vincent4611,4629,1105855,208,121
849074312,Tupinor,10229,266439,304,23
849080252,V20B10,6369,117502,332,15
677642,boum164,625,6714369,61,499
849095521,HKator,,272464,301,37
276734,benanto81,4629,2526031,144,187
3349595,THIERRYY,14568,7134229,52,604
849105468,M+el+matador+m,15359,67170,358,9
2684235,kaloula,4963,7474320,45,547
1264574,fifou17,13387,1171506,205,121
1001813,florent+u,15359,342900,285,25
1518052,R.L19,4629,1435781,185,131
37071,rococo,15581,67688,355,8
1650239,MnouMomo,625,14419588,3,1062
1948293,jyulandoli,4963,713744,234,80
690100,Edouard1965,15188,4361670,101,333
849038422,Aion,4629,2253633,153,174
1888010,legion95,13530,10149997,19,741
1218186,Niels+de+Hecke,14500,27432,388,2
2598201,minotaure08,4629,14140092,4,1047
100175,kehops65,4629,1294661,196,115
849074365,Eejil,4629,747890,231,82
849004361,nipoune,4629,761456,229,65
3539110,Boozky,15039,3619705,120,319
849073982,Arnakos,15465,282109,297,21
204546,fabien59940,4629,2885961,133,231
1487209,marc71,6369,894989,222,96
1762376,dedel03,4963,11943013,14,873
415017,gatouille,4629,4813591,88,357
2304678,aazeva,4963,2065230,164,152
2355421,JeanXXIII,15359,29279,383,5
760457,Macxa,14644,3295601,125,268
1848963,bool2,625,8167448,35,597
613830,joebix68,4629,15008339,1,1095
1752698,ricox21,4629,4095626,106,361
849057437,SPQR,15486,644539,244,61
849070568,BEBEL64,4629,751160,230,93
4409002,gege824,4629,5865160,68,434
1936143,STEP59,4963,7638507,42,596
274075,dede59,4629,1187978,202,89
849104356,Support,15676,95749,342,15
849089248,Niwak,15684,973058,215,76
848995358,loup1,11887,320754,287,28
4145102,Olimpia25556,6369,1882993,170,231
615329,shaka783,4963,7458596,46,544
4835577,pourtales,6369,474124,268,83
1865707,Mornat,15382,5603656,72,419
4599724,Amphitrite1234,15513,1258938,199,103
849076816,Johnny24,4629,694375,239,66
2236124,titi67d,6369,1722770,177,177
1349118,CHULAK,14643,3859708,113,317
3216810,elgnoy,2797,1396640,187,125
2244628,alcunni,10229,2207566,156,164
1059637,Lillusionniste,15130,3932153,110,296
1400875,Spip,2797,12700961,10,926
1165275,ntct,6369,4427,433,1
849101826,Triphasor,15359,43557,374,6
219118,Mac+DUFF,15309,181725,318,18
2393312,valentinF62,13938,2592508,140,222
848883684,Pyre,14892,1832316,172,141
4321787,Citymen,6369,1834916,171,190
849083819,Perseus+Ier,2568,694991,238,59
1597646,Goulati,4629,1520207,180,112
53637,kikiver,4629,3661341,118,286
1074959,Karpaty,4629,4007519,107,303
1303533,gbsd,4963,2799686,135,210
2247524,totola2,4963,1393567,188,113
1996188,U-96,15359,1266013,198,162
849102465,ditexolop,15665,203231,314,19
1901857,olive1967,4629,1352873,191,111
4625531,Starwars76,15323,1642201,178,128
4827798,anzz08,4220,463720,269,36
1725762,basketteur222,,54192,371,4
3204869,Bentow,4963,6802782,58,598
4311089,LEXXUS+GA,14828,79669,348,6
2635446,nonovitto,15098,639456,246,52
948379,Metroid67,625,8435275,32,625
923982,gibus03,4629,6524497,63,482
351606,lefossile,4629,970749,216,78
35324,H%C3%A9ruur,4963,901790,220,66
849081780,piol,2568,184204,317,19
98182,likiki,15567,570494,256,50
570985,lemort39,4629,741664,232,63
633613,Phil83,6234,507492,265,37
849082285,Biditchoun,15541,176443,319,23
11369,fonfon65,14655,4705469,92,352
4907536,natilou,10229,2555711,141,242
648290,Cyparis,6369,25862,393,3
189623,dobigny.n,10229,7032463,54,557
849098767,ShaYan%C3%86,4629,88277,345,11
1414366,Sanmark,11190,270665,303,57
4892162,Layla29,4629,1310159,195,126
917480,COBRA97,4963,3935412,109,374
996607,bidouille94,4963,10696198,17,783
4518813,fontaine14,13530,588247,251,47
2210326,lorieataquante,2568,3192936,129,236
3582890,-k100dre-,12645,356846,283,35
755346,axel666,4963,9680067,24,728
140759,TheDonz,469,2867405,134,277
4471734,yyrkoon41,4220,2170119,159,224
849027477,tonybelga,15576,173949,320,24
849094296,Rafalou,11887,290639,295,42
2585558,02INGRID03,469,1810140,174,168
4740559,merithaton,2568,113028,334,12
4888320,Gladiadus,4629,2298823,152,182
849104701,KroKKiKrok,15521,58256,366,8
2102283,zidane1998,6369,1032774,213,76
2874414,Perraudeau,10229,2095282,161,179
849082462,siouxsoune,15521,558319,261,49
1062653,papaluc,625,6094361,65,528
4924595,manudouguet,15098,1513083,183,168
3999499,Lirce,9741,5194918,81,380
1298963,LePiou,4963,6447032,64,485
109430,Cinthus,15188,23126,394,2
1786558,bois-colombes,4629,13191721,7,963
1905875,lauteret,4963,7387531,50,625
1213626,galix14,4963,1915509,169,156
4881217,Moringa,469,3452250,121,260
727881,manu.39,4963,5869456,67,431
1901715,doville+76,4963,8250054,33,686
848911564,REALITE,14828,79701,347,6
2838139,raiy,15477,674927,241,63
4211777,Herm%C3%A8s+Ail%C3%A9,4963,4802641,89,362
849079748,Balteus,4629,623393,248,61
849079985,dakaz76,4629,1343374,192,99
848958218,hdfxd,6369,1333681,194,140
1970472,Drakkar33,2568,13870835,5,1012
1921919,campa,15188,2108229,160,172
1068877,Vansdethi2,4629,518622,264,46
2281111,dede67140,4629,1365649,189,105
1933171,lgd72,13530,9898940,22,722
3536438,Fuzitsu,15188,2955140,132,218
448810,ANDREABL,4629,3762961,115,333
1013556,joel53,7360,5521290,73,407
215238,Minot-taure,4963,2073379,163,167
848893587,danylou,13938,2739696,137,241
698008,etho91,13938,4494079,99,329
849073804,Alastor.,4629,897372,221,84
848997568,Lusiris,4629,2003348,166,153
673697,smoon,4629,1916300,168,177
3109300,Isohypse,469,398439,279,55
4055546,El-Tiburon,11534,4602035,94,340
849081564,Julien2485,469,231753,308,25
322489,BARONBOB,4629,2506543,146,323
849055848,chienrage,11887,67606,357,7
3532752,Ezeldriin,4220,2786541,136,273
4336058,stamod,12897,3300281,124,245
1196984,TantanMeignier,4629,7182547,51,524
463299,jessyblanca,4963,281500,298,29
1464164,brynner,4629,3206569,128,283
1788347,rnycbb,9666,3385546,122,250
2905500,PW67,13738,302956,290,37
2267056,nenette74,9741,496369,266,69
1320507,Boomerang33,13109,17331,401,2
672849,TORRADO,4629,2197702,157,215
405626,aucha,2568,1035856,212,86
4789409,Lek76,14615,4133347,105,311
1333767,dylme,4629,668505,242,81
1360246,Musslin,625,3922481,111,305
52749,SilverMattof,4629,1518171,182,111
1061020,michevel,4629,8989916,30,656
606842,franck56700,4629,5677026,71,426
2428871,target-53,4629,1106601,207,97
911835,eivlys62,9741,3226893,127,294
1440215,kk5757,2568,7747818,39,573
359242,jo120592,4220,1054283,210,85
2827222,spartacus2ab,13511,4907431,87,369
4668157,saucin+luc,13530,3167782,130,280
4241711,Mistigris92,4629,11115060,16,813
3288880,Christosilides,,6026929,66,449
4061524,heimst,4629,7410579,48,559
3103606,dumer,625,6798774,59,517
1891588,civodul214,2797,10095561,20,742
