849063757,Tetsuo69,15672,1079,482,1
849073280,MAP54,,7733,416,1
4849442,barcus64,2568,7837864,38,572
849110194,Samoura,,0,530,0
848985825,miltiade68,15672,171473,321,16
849085582,derbantin,15521,382738,281,33
2290143,ubrick,,0,532,0
849003182,Clade10,,198439,315,20
3430193,phdu,15666,723,494,1
848921471,jlbb,,932,487,1
849110532,guest-6adf8a7f7e9c4ab2a2,,0,523,0
849087231,Jagjag,,789,489,1
848963127,SILVER6299,15672,34182,379,7
849110553,Renard+2,15698,1299,473,1
848936177,marsiud,11887,462188,270,76
849108692,Electre,,1926,453,1
4897404,Fa%C3%AFdel,15672,3757,438,1
4161692,hareng+sort,15672,1753,457,1
1470129,Saint+Achille+Akhilleus,10229,82584,346,8
896617,remidu95240,,0,529,0
849094979,Jaemsdu82370,15672,41691,376,4
3792931,DSF+Niby,15692,29730,383,4
1092993,SALAMANDE,2797,7855,415,2
849105783,Ganorzek,2797,11171,409,4
848942754,Practolos,15672,2555,447,1
849109431,Ttlegrand,,2746,444,1
849079470,mans31,6369,242104,307,18
2564622,drattoc,7613,412769,276,35
849110297,guest-80e493a7d0864eb7a8,,0,524,0
849097145,Ar+Ankou,2797,6837,419,3
849110572,Hermanos,,0,527,0
849098026,guest-bdc104458ab4400fa9,,0,525,0
2599009,batata1978,15672,2817,442,1
848942103,-Melchior-,15696,782,491,1
2777940,Saint-Andr%C3%A9,15672,1944,452,1
849111525,Itz+H2o,15700,1317,470,1
849067572,benaitreau,15309,1526,464,1
177982,Asclepsios,4963,4558394,97,333
1013305,vicky2000,15694,1824,455,1
2917423,skinnerx5,,0,531,0
4082924,diego3,15309,1271,474,1
849106007,Pochita,15359,72047,355,8
604154,lalouve66,4963,4720183,91,346
849109495,popof,15518,2786,443,1
2791221,chicken81,,0,521,0
4642155,arthur-89,,0,520,0
849081800,Luxurius,15600,14302,406,3
4247039,jijitobaba,14939,228,512,1
848946367,benuche35,15274,286483,297,34
849070442,solei,4220,19151,396,3
849060950,Ttinair,15672,5746,428,3
3419723,red+matteo,,0,528,0
1617582,SYLPIDRA4,15701,1077,483,1
4416740,JAILOO,15359,26797,387,5
1375406,yann+31,,528,509,1
849109406,Napoleon17081752,11887,3131,440,1
3525673,nene194,15672,562,501,1
849109443,MiloulaTannerie,,573,500,1
849104067,sozz%C3%A9116,13511,1621,459,1
849081602,TatieMag,15378,1305,471,1
849110470,Zagreus1802,,719,495,1
119662,thyn,15672,2704,445,1
849103300,Justalex,15672,1249,476,1
1383865,hemdall,15672,6669,420,2
2094801,tueur+5,4629,802558,224,64
849094802,Espadon+Fougueux,15624,62719,363,7
849106953,MVS89,11887,24111,392,4
4895054,pastisricard,10229,624526,249,49
849054895,kiezer,6369,98733,342,10
849096521,zenit031,14655,26643,388,4
849110984,Lebreton,,1133,480,1
849102523,cobra36,15666,1538,462,1
848883365,Aegidius97,15672,197,516,1
1922799,Val+Can,15659,651809,244,56
849090989,NOUNOURS88,15672,1359,469,1
848987258,Horizoon,,522,510,1
849096570,rico011,14655,26293,390,4
849082607,Utaelu,15682,59479,367,8
849100862,Lempicka-4,2568,16496,403,2
849061643,-hpfer-,15576,62032,364,5
393186,backersfield,,776,492,1
849108909,Verbalisator,2797,18897,397,4
1425420,gina55,15679,6328,423,1
849100651,ROGUE7777,15672,1259,475,1
1542840,henrick69,15359,64406,362,7
3222309,bissaquine,2797,480388,267,42
224490,Octilis,15378,1102,481,1
849111587,guest-0c0fce22e258472db4,,0,522,0
3324271,erika92,,1753,456,1
849102549,CBB39,15359,3353,439,1
849109852,Namiah,15697,1720,458,1
849033011,lutsu,15654,5806,427,2
1320435,Hiram+Abif,13109,1222,477,1
848979757,christiankiki83,,582,499,1
4544980,king-one,15672,5420,430,3
849097912,dragonia,15672,996,484,1
849046536,Aster62,,221,513,1
849101797,Gedeon29,15624,32165,380,6
1842266,Touifi,15548,450230,272,48
849052441,Bira,,547,506,1
849095508,Maxime192013,,782,490,1
849099535,Guerveur,15672,1477,465,1
4910149,bionana,15672,44073,375,7
849103668,Anthony+2026,15672,30911,381,5
3898231,vice.1,,557,502,1
849111562,Demie+dieuz,,530,508,1
849103149,jacknapadi,11887,23055,394,3
402207,rel87,3393,2516339,145,184
848980639,demo340,4220,4630,432,1
849098112,lyanna2025,,551,504,1
848938194,marcob1,15525,111253,338,11
849076850,Bambyyyyy,,175,517,1
849109404,Napoleon1708,15309,3082,441,1
848891892,Mocen,2797,10388,410,2
849015575,La+BORDELAISE,15702,1435,466,1
849082762,esisteban,15521,399587,280,35
4223046,shoad,,963,485,1
4617361,zaduc,,1141,478,1
849094902,reg-le-vicking,,624,497,1
849049689,voyageur51,15672,221,514,1
19540,BELTEGEUSE,15672,1560,461,1
849079995,urka,15672,54864,371,4
978595,acquario,15672,1877,454,1
848959409,Popey+.,,175,519,1
849048602,Sebio,6369,140439,329,18
849103794,Shyarlie+Enora,,97571,344,11
849110184,Tiglat,,553,503,1
933437,kids84,15672,6185,424,2
999346,chipiepingping,15672,7509,417,2
2013273,Malraux,2547,3758184,116,274
3745681,Kotani,15664,108308,339,16
849104429,Rayvar,15672,4190,437,1
849008149,KiraOmbre,4629,607618,250,62
849110204,Iffum,,537,507,1
849105334,Doudoukse,15672,881,488,1
848939278,Sancti,15672,1363,468,1
849085513,watsolmes,15521,253736,305,26
849106135,Suerte80,,10237,411,2
849107994,VengeurSageGalor21411488,15672,2024,451,1
215977,arnaudbernier,6369,77056,350,8
413898,galuremarche,,1137,479,1
1324486,neohector,,73320,353,8
873309,Art%C3%A9mis01,15666,632,496,1
4777266,Eniotna,15672,34977,378,6
2449294,TexMex,,1342567,193,111
849099332,Flonaldo,15672,4806,431,2
849111582,Thanos,,199,515,1
849042955,Welvinborg,,441,511,1
3589514,Le+Gitan+65,15672,4407,434,1
849004488,Adriana,15672,76753,351,12
849093988,Pri0xx,625,61966,365,7
1357735,Mankao,15672,41253,377,7
849023877,Alf2010,7613,8929,412,2
849086014,Mercedes,15359,358284,282,37
849109727,Cygogne59,15672,4605,433,2
4388585,Finduilas79,11534,128171,331,22
849105979,Dedjo,15359,47111,373,7
683056,fouding,15359,311135,288,35
849104368,rflupke,15672,2671,446,1
848896550,papimouzo,6369,213699,313,22
849105046,Borg2,15672,1377,467,1
849089249,Christian67,6369,4361,435,1
849052930,eric+9865,7613,11302,408,2
849044273,noyt,625,558402,263,56
849083261,V8+5.2+litres,,0,533,0
2662534,Dezza,,6433,422,2
849082865,Jedi+Juste,15693,2263,449,1
849043944,Ptahotem,,8769,414,2
849055223,dioufy,11887,18098,401,3
849110511,Tomtomgo777,,584,498,1
1911590,Hawkmoon269,4629,4567428,96,333
1790666,aladin630,4629,1045450,211,124
2937274,Fourtou,15130,3271485,126,302
849089917,hardpunk,6369,304071,290,32
1204859,romainp16,6234,158452,325,17
4443132,Dom030567,2568,68580,356,5
849108171,RugissantYfyfttffyf46561,15378,2487,448,1
849082486,Imer19,6369,571874,257,50
1687361,ggdm1,2568,10280281,18,755
849053695,TOTO181123,15359,406333,277,43
4620144,todorov,,549,505,1
3753151,cemwamem,10229,145325,328,13
849100560,BENzo,2797,576055,256,43
4340219,Akasenshi98,15672,6152,425,1
1785685,nicolas+D1,15678,65899,360,13
849052039,mako1,11887,2245,450,1
3366852,rolando1,11534,4531265,98,333
1786558,bois-colombes,4629,13213410,7,964
848906341,asteria56,6369,565945,259,43
849104746,lkhlgkjgkgkjglh,15600,6590,421,3
3708223,Corentt%C3%AEn,10229,652365,243,57
4500149,Estelle1991,,175,518,1
848953976,Ath%C3%A9na%C3%AFs2307,6369,2018796,165,154
2854603,American+XIII,4629,1057900,209,96
4914563,ingridia,15672,5487,429,1
1457157,billloud,4629,583138,255,49
849096512,titeuf,14655,26347,389,4
849104469,valfrosore,15672,6838,418,2
4462566,gros1919,15672,14490,405,3
1687474,KOUYATE,15672,98471,343,13
618197,For+Poseidon,6369,57392,369,6
849032312,Jerem+le+conquerant,15309,1290955,197,110
4072513,Prestro,9741,7406219,49,541
849109589,Elisabetheu2.0,,8774,413,2
849093785,almasse721,15652,1534,463,1
1717618,snackiller,6369,830052,223,67
920053,CIRE72,,12325144,12,904
4906644,walacel,15447,225394,311,20
849090540,Chatouilleur,4629,685074,240,51
1917871,03jules,15359,104282,340,15
848985403,Sakura1,15672,15242,404,3
848918202,Lea666,,246888,306,18
1110109,hadessamafr,4629,4575340,95,340
848308,squalerik,4629,348790,284,42
454117,Brochet38000,4629,5201396,80,464
848892201,zxr750r,15247,92208,345,17
53068,politesse,469,7584948,43,553
335335,taxi72009,469,4919443,86,432
849109494,Goudurix,15359,18828,398,4
849086557,Ratatouille17,15573,450843,271,48
849076544,P%C3%A9riclith%C3%A8s,15691,13575,407,3
805555,koco57,2547,6765965,60,498
1343843,gabare,15585,2485835,147,185
1944560,Leglandeur92,4963,9552308,25,698
4328865,Emrys1597,11887,271902,302,27
1942137,Wohjing,4963,8202457,35,599
169058,arnaud49,15098,309641,289,27
849081216,topilouf,15521,560134,261,46
1931319,marseillais02300,4629,4362398,101,389
3996065,Ktek,15672,65389,361,7
849110393,Antinouis,15703,1300,472,1
849054056,Britanian,4629,2228709,155,167
1144513,titi+999,4629,565602,260,48
849100095,TonChat,,117013,333,14
3123223,le+poulbot,4629,3736820,117,363
4826087,jogger,469,58653,368,11
848926174,Fla57320,11887,27432,385,2
1298422,Maureen881,469,113073,337,13
849052902,justo64,15518,150304,326,18
163574,Parandus,469,10064936,21,755
3534158,Kenzo139,15039,4179722,104,389
2928748,reexana69,15130,2616158,140,241
849046108,Hinuir,2797,1551332,179,120
849105609,Dark+Ga%C3%AFa,15672,18375,400,4
849103529,kevin3115,15672,159163,324,19
873594,died,,949,486,1
4906567,MissLazu,6369,3656853,119,317
3884410,SanofiAventis,4963,6939018,56,605
849042809,ymt16735,4629,1353704,192,99
1681513,matlili3,13511,2466397,148,195
1919067,Eeth-Koth,2797,4684909,93,420
1317333,djney,4629,1736504,176,140
848940660,Afreu,4629,949971,217,114
4657385,BrEwArDe,625,5262264,79,482
3533984,Thorgal25,15039,1227170,200,99
1295601,Themodocle,10229,6662001,62,488
1867727,coup-mouss,11534,5140401,82,375
27574,pypo,4963,8055121,36,590
3531872,jordalyne,11534,403620,278,44
129433,pollux38,4629,13002030,9,953
4242043,fautvoir21,15265,648690,245,61
3935316,Lutti389,15672,169478,322,17
849101693,Solivagant,4963,303761,291,25
4365139,MisterBack,15624,773,493,1
1059963,KFAB57,4629,5788829,69,429
308035,jejebabi,625,8032194,37,589
419305,belleamour,12645,4775101,90,354
4735017,Brakus,14828,79507,349,6
1176796,bedoul,15670,20849,395,7
1709892,Kervador29,13938,9087556,29,663
1970472,Drakkar33,2568,13883051,5,1013
228407,Dexir,4629,2542662,142,220
1057486,nono+man,15130,3989974,108,291
3672868,Phild65,4629,1518593,182,116
471045,OM76,11427,3381001,123,247
932346,petitbandit,15130,2386904,150,182
1688629,Cap2matxo,4963,5468892,74,420
849102483,Kenshicarus,4629,430012,274,36
4910143,Carthagenus,15666,1481782,184,121
4081018,pataplouf33,15672,18464,399,4
1189933,PILOU95,4629,2074441,163,187
252312,titeuf42,6369,5452983,75,400
1888072,patatoch73,13938,12691699,11,930
4892836,shelby80320,,706115,236,64
26267,titou38,4629,4197896,103,346
4070907,florianh89,10229,720969,233,62
186193,MICHELBRU,4629,7126675,53,527
849081933,Furyia,2797,277692,300,28
2344908,Mrmonsteur,15672,5807,426,2
1356374,kaisersos%C3%A9,2797,2407129,149,202
4918537,HellRaiserT,15672,146415,327,16
836859,Polubios,2547,9712604,23,710
849070468,BETTYBOOP,15486,224366,312,33
380152,crazyfilou,625,5001596,84,389
263677,esmheralda,4629,9330729,26,696
722826,miles438,4629,5381737,77,394
2277926,furibond,15359,295304,295,36
849102309,AresCool,15665,230828,309,26
2095648,Mitsumasa+Kido,4963,5139716,83,376
49998,Claymore,13860,7428899,47,560
4067667,benzoni2015,4963,1929342,168,224
848947799,loumos,11887,1180598,203,89
1208925,Yggr,13938,8941345,31,899
1393972,IMITH,4629,2254721,154,212
4098162,ZORBECLEGRAS,13938,7684833,41,567
849062858,Charlemagne59,2797,2535219,143,187
3225221,Gusgui27,15672,56235,370,10
1722479,Hugov+Ier,14962,2340190,151,180
1843936,Ath%C3%A9na450,15644,72170,354,9
849102664,H%C3%A9rodote,15703,30084,382,3
252582,Elyk,6369,302966,292,25
688467,victor+newman,2797,9259039,27,696
1986254,ugis,2797,1180465,204,125
1090555,Dargun,4629,1206920,201,98
4536002,jefflomme,15188,5731729,70,422
849081089,kikidou,15521,589698,251,50
848960763,john03140,4629,704048,237,68
4866910,zeusb007,6369,339367,286,40
1087174,alph%C3%A9e50,11427,6928119,57,507
4311892,nic0b01,6369,296234,294,33
849085454,nicoLeVoyageur,15521,420226,275,36
848948620,doudoupremier,15486,193248,316,29
3053728,Titofff,2797,14672902,2,1070
1971247,Rand+le+calme,625,13130146,8,958
788545,germaine136,2547,7023769,55,529
2132044,Konstantou,4629,1817510,173,159
238624,den71,5163,778294,227,66
849090507,Hydre4654,15188,159166,323,15
781488,jugui,15687,11505081,15,849
3365763,stephoss,4629,945825,218,117
3566015,kikoo5937,15639,115948,335,15
370615,Sir+Guingamp,15559,938386,219,72
1886309,Lapo%C3%A9l%C3%A9sos,15521,587290,253,49
3443166,NWAWS,15660,227111,310,26
4524352,HELIOSPARTOS,4629,5409400,76,411
195585,philou62,4629,5356961,78,401
681046,mongeneral,625,2185082,158,218
849107460,Rootwood,15672,1604,460,1
1773508,Icaredison,4963,7584755,44,558
421488,Mythriomid%C3%A9e,14962,1025528,214,80
3875018,soupepekinois,15359,432873,273,40
793147,gaulois99,11887,1415224,186,115
3673902,aurore-rose,15400,785434,226,87
453332,napoleon17,15585,3005515,131,225
848953153,BRUNO44000,2568,128741,330,21
80931,neuneu,6369,1130387,206,103
849055850,foufalo,11887,67639,359,7
849110325,guest-d3ff9a3318314f2fa1,,0,526,0
848942967,peric113,2797,4968996,85,434
483014,totor777,4629,4337763,102,373
2075244,donjon28,4963,1780639,175,203
1371874,LeGrizzly,4963,13831127,6,1009
931863,isabellacity,6369,773473,228,109
1612962,xxhatchepsoutxx,4963,7686008,40,574
2488129,lafteur,12541,9258796,28,688
4099390,vincent4611,4629,1105934,208,121
690100,Edouard1965,15188,4366336,100,334
37071,rococo,15581,67985,357,8
849105468,M+el+matador+m,15359,74220,352,10
1948293,jyulandoli,4963,714482,234,80
849080252,V20B10,6369,122520,332,15
849080334,Klargus,4629,569881,258,52
2684235,kaloula,4963,7478000,45,547
1001813,florent+u,15359,342900,285,25
1264574,fifou17,13387,1171769,205,121
756988,laraindiana,15052,695967,238,75
1650239,MnouMomo,625,14438965,3,1063
276734,benanto81,4629,2519910,144,187
3349595,THIERRYY,14568,7148226,52,605
849074312,Tupinor,10229,267958,304,23
677642,boum164,625,6722024,61,499
849038422,Aion,4629,2266120,153,175
849072951,emy+sterre,15458,799253,225,67
849095521,HKator,,273837,301,37
1412613,kyanos,15039,3864442,114,331
849074365,Eejil,4629,753833,230,82
2598201,minotaure08,4629,14187667,4,1049
1218186,Niels+de+Hecke,14500,27432,386,2
2304678,aazeva,4963,2065230,164,152
1888010,legion95,13530,10151136,19,741
1487209,marc71,6369,894989,222,96
760457,Macxa,14644,3299053,125,268
100175,kehops65,4629,1299539,196,115
849073982,Arnakos,15465,282109,299,21
849004361,nipoune,4629,761456,229,65
1762376,dedel03,4963,11956080,14,883
2355421,JeanXXIII,15359,29279,384,5
204546,fabien59940,4629,2886189,133,231
3539110,Boozky,15039,3634587,120,320
1488647,willydu61,4963,12083334,13,887
1848963,bool2,625,8274901,33,612
415017,gatouille,4629,4825313,88,358
613830,joebix68,4629,15019380,1,1096
1936143,STEP59,4963,7651242,42,597
849057437,SPQR,15486,644539,246,61
849070568,BEBEL64,4629,751160,231,93
849089248,Niwak,15684,999529,215,78
4835577,pourtales,6369,474160,268,83
274075,dede59,4629,1188824,202,89
849076816,Johnny24,4629,695087,239,66
849104356,Support,15676,101110,341,15
848995358,loup1,11887,321846,287,28
615329,shaka783,4963,7458596,46,544
4145102,Olimpia25556,6369,1883711,171,231
4409002,gege824,4629,5874899,67,434
1865707,Mornat,15382,5610981,72,419
4599724,Amphitrite1234,15513,1266458,198,104
1349118,CHULAK,14643,3871386,113,318
1752698,ricox21,4629,4096802,106,361
1400875,Spip,2797,12700961,10,926
2236124,titi67d,6369,1725289,177,178
2393312,valentinF62,13938,2641209,139,226
849101826,Triphasor,15359,45043,374,6
3216810,elgnoy,2797,1396640,187,125
219118,Mac+DUFF,15309,181725,318,18
1059637,Lillusionniste,15130,3933646,110,296
1165275,ntct,6369,4321,436,1
2244628,alcunni,10229,2211200,156,164
1597646,Goulati,4629,1523160,180,112
848883684,Pyre,14892,1938236,167,157
1996188,U-96,15359,1266013,199,162
1901857,olive1967,4629,1364127,190,112
2573526,Alfred78,4963,3876276,112,290
849083819,Perseus+Ier,2568,714204,235,60
53637,kikiver,4629,3661341,118,286
4321787,Citymen,6369,1837373,172,190
1303533,gbsd,4963,2802206,135,210
2247524,totola2,4963,1393567,188,113
1074959,Karpaty,4629,4011216,107,303
1518052,R.L19,4629,1461060,185,134
849102465,ditexolop,15665,207215,314,19
1725762,basketteur222,,54192,372,4
4311089,LEXXUS+GA,14828,79669,348,6
4625531,Starwars76,15323,1650562,178,128
4827798,anzz08,4220,463720,269,36
948379,Metroid67,625,8443135,32,625
2635446,nonovitto,15098,639456,247,52
3204869,Bentow,4963,6809402,58,598
4907536,natilou,10229,2562026,141,242
351606,lefossile,4629,970749,216,78
849082285,Biditchoun,15541,174840,320,23
633613,Phil83,6234,507492,265,37
11369,fonfon65,14655,4714244,92,353
570985,lemort39,4629,744850,232,63
923982,gibus03,4629,6534112,63,483
849081780,piol,2568,190174,317,19
98182,likiki,15567,583873,254,51
4645712,steve.0,15207,2720382,138,207
35324,H%C3%A9ruur,4963,902376,221,66
648290,Cyparis,6369,26143,391,3
917480,COBRA97,4963,3935954,109,374
1414366,Sanmark,11190,270665,303,57
849098767,ShaYan%C3%86,4629,114454,336,13
996607,bidouille94,4963,10700136,17,783
4892162,Layla29,4629,1314046,195,126
189623,dobigny.n,10229,7039188,54,557
2210326,lorieataquante,2568,3192936,129,236
849027477,tonybelga,15576,175596,319,24
755346,axel666,4963,9687854,24,729
3582890,-k100dre-,12645,356846,283,35
849094296,Rafalou,11887,295157,296,42
2585558,02INGRID03,469,1810187,174,168
4471734,yyrkoon41,4220,2170119,159,224
4518813,fontaine14,13530,588247,252,47
140759,TheDonz,469,2867405,134,277
849104701,KroKKiKrok,15521,59893,366,8
4888320,Gladiadus,4629,2309300,152,184
2874414,Perraudeau,10229,2098710,161,180
4924595,manudouguet,15098,1514134,183,168
4740559,merithaton,2568,116999,334,12
849082462,siouxsoune,15521,559260,262,49
2102283,zidane1998,6369,1032998,213,76
1062653,papaluc,625,6104359,65,529
1298963,LePiou,4963,6450941,64,485
3999499,Lirce,9741,5196778,81,380
109430,Cinthus,15188,23941,393,2
1213626,galix14,4963,1916333,169,156
1905875,lauteret,4963,7394632,50,625
4881217,Moringa,469,3453713,121,260
4211777,Herm%C3%A8s+Ail%C3%A9,4963,4805762,89,362
848911564,REALITE,14828,79701,347,6
727881,manu.39,4963,5869456,68,431
1901715,doville+76,4963,8262110,34,687
2838139,raiy,15477,684514,241,63
849079748,Balteus,4629,632670,248,62
849079985,dakaz76,4629,1359394,191,100
1921919,campa,15188,2109050,160,172
848958218,hdfxd,6369,1340075,194,140
1068877,Vansdethi2,4629,522816,264,46
1933171,lgd72,13530,9901279,22,722
2281111,dede67140,4629,1365968,189,105
215238,Minot-taure,4963,2088279,162,169
1013556,joel53,7360,5530844,73,408
448810,ANDREABL,4629,3768824,115,334
3536438,Fuzitsu,15188,2957464,132,218
848893587,danylou,13938,2741592,137,241
698008,etho91,13938,4494374,99,329
849073804,Alastor.,4629,907828,220,85
848997568,Lusiris,4629,2013158,166,153
673697,smoon,4629,1916300,170,177
3109300,Isohypse,469,400754,279,55
4055546,El-Tiburon,11534,4602613,94,340
849081564,Julien2485,469,232591,308,25
322489,BARONBOB,4629,2512215,146,324
849055848,chienrage,11887,67761,358,7
3532752,Ezeldriin,4220,2787585,136,273
4336058,stamod,12897,3304470,124,245
1196984,TantanMeignier,4629,7209012,51,526
463299,jessyblanca,4963,283563,298,29
1464164,brynner,4629,3212578,128,285
1788347,rnycbb,9666,3394676,122,250
2905500,PW67,13738,302956,293,37
2267056,nenette74,9741,496369,266,69
1320507,Boomerang33,13109,17331,402,2
672849,TORRADO,4629,2198755,157,215
405626,aucha,2568,1035893,212,86
4789409,Lek76,14615,4148148,105,312
1333767,dylme,4629,669331,242,81
1360246,Musslin,625,3924369,111,306
1061020,michevel,4629,8990698,30,656
52749,SilverMattof,4629,1521521,181,112
606842,franck56700,4629,5678812,71,426
2428871,target-53,4629,1106906,207,97
911835,eivlys62,9741,3234131,127,294
1440215,kk5757,2568,7757374,39,574
4668157,saucin+luc,13530,3167355,130,280
359242,jo120592,4220,1054283,210,85
2827222,spartacus2ab,13511,4915476,87,369
3103606,dumer,625,6802295,59,517
1891588,civodul214,2797,10106434,20,742
4061524,heimst,4629,7419062,48,560
3288880,Christosilides,,6040024,66,450
4241711,Mistigris92,4629,11116665,16,815
