15711,les+maboules,174813,51,17,74
15700,Solo+leveling,26391,5,1,91
15654,%C3%80+la+Retraite,8822,3,1,99
14500,La+horde+d%27or,27432,2,1,90
15541,feur,173861,23,1,75
15691,Nihilia,61680,10,1,86
15652,ALTZAYA,1757,1,1,104
15382,Pays+du+Silence,5892412,439,1,22
5163,Gold-Oracle,789599,66,1,52
15694,terra+nostrum,4667,1,1,101
15665,Por+la+vida,594443,62,2,59
15705,-%3DLes+fils+de+Ragnarr%3D-,21726,3,1,94
15567,Les+Chalors,688313,54,1,57
15670,bedoul,40240,10,1,87
15644,Guerre+et+Sagesse,96993,16,1,82
15693,La+Force,23676,5,1,92
15486,LES+BARBOUZES,1121476,144,3,49
15477,POUR+LE+FUN,775785,71,1,54
15715,Paradise+Police,968,1,1,106
15323,Solo,1794940,141,1,42
15525,CHAM+MB1,144223,13,2,79
15274,FORZA+BRETANIA,305016,37,1,67
15708,GBB%27s+Family,392256,43,6,63
15707,Auld+Alliance,1796,1,1,103
15247,belgica,100304,22,1,81
15513,Lusithania,1352129,108,1,45
15581,Toulousain,70366,8,1,84
14892,Rantanplan,2109982,178,1,40
15687,RES+NON+VERBA,11762094,868,1,15
15701,TRES+LENT,11427,2,1,96
15458,my+name+is+nobody,994985,79,1,51
15518,VALENTIA,170741,18,1,77
15447,shadow+of+sparta,227480,21,1,72
15400,Elise,789558,87,1,53
15548,Gardes+Forestier,465448,48,1,62
15265,melni+sans+fin,682998,62,1,58
6234,les+Achilliens,703593,58,2,56
15585,RAINBOW+SIX,5657744,423,2,24
15666,Ligue+de+D%C3%A9los,1624808,141,5,43
15309,Les+fr%C3%A8res+d%27armes,1613343,165,9,44
15676,Qhatborh,163524,21,1,78
15703,Le+S%C3%A9maphore,32688,3,1,88
15052,SG.1,706905,76,1,55
15098,le+ph%C3%A9nix,2586640,258,3,38
15679,Gina55,12063,2,1,95
13387,Carr%C3%A9+Manchot,1172184,121,1,47
11534,Le+Clan+des+Sages,15032145,1136,5,12
15576,Europa+libre,264109,32,2,70
15359,Dragons+Force,3416479,393,10,33
15521,Les+Pieds+Nickel%C3%A9s,4255386,383,9,30
15710,Le+Pacifiste,346277,31,1,65
14939,Pas+plus+bas...,228,1,1,107
12897,VI+-+INVICTUS+-+MMXVII,3408671,251,1,34
15639,Empire+romain+d%27orient,122726,17,1,80
15712,Pacifica,10103,5,1,97
15188,Irr%C3%A9ductibles,12628064,976,5,14
15465,Cocorico,281166,21,1,68
15713,%2A+L%27oeil+%2A,182080,18,1,73
15664,Bim+Bim+Bam,171491,16,1,76
15684,-+L%27Hort+de+las+Fadas+-,1289175,96,1,46
14655,Tousencamion,4929964,372,3,26
7360,isis+rem,5702591,422,1,23
11427,%2A%2A+Corsaires+%2A%2A,10364011,765,2,16
14643,LES+VIEUX+DE+LA+VIEILLE.,3991480,323,1,31
15207,teamgers,2906372,223,1,37
6369,%2A+Xeniteas+%2A,27233967,2544,28,8
10229,La+Table+Ronde,23517127,1875,11,10
15682,Chez+moi,64814,10,1,85
15624,S%C3%A9quanes,88648,9,2,83
15573,en+solitaire,497039,49,1,60
15709,45545kkk,3801,2,1,102
15559,Force+et+robustesse,1135070,83,1,48
15039,LES+MAYAS,13371669,1182,4,13
15378,les+disparus,7389,2,2,100
2547,Ligue+ach%C3%A9enne,27723724,2048,4,7
13938,Phenix,48949069,3915,7,5
13860,Claymore,7430724,560,1,20
15672,PALAS,2044409,315,70,41
13530,Neutre,23965980,1806,4,9
15600,Fr%C3%A8res+de+la+C%C3%B4te,31191,7,2,89
12541,coucou+c%27est+moi,9258796,688,1,17
14962,Les+Hoplites,3404180,260,2,35
3393,Blood+and+Sand,2519269,184,1,39
15660,Lez+Hyst%C3%A9riques,367525,37,1,64
13109,La+Terrasse,22586,4,2,93
469,Amis+de+la+Paix+Bor%C3%A9ale,31786335,2574,11,6
15714,Brigade+AC,1252,1,1,105
15697,Ordo+Novem,9357,3,1,98
625,Vivre+libre+ou+mourir,90449650,7006,14,3
7613,SEBHARIBO,473653,41,2,61
15130,Band+Of+Brothers,16897866,1369,5,11
9666,Union+Fortifi%C3%A9,3441336,253,1,32
14644,Amorphis,3360102,268,1,36
13511,L%27Odyss%C3%A9e,7533030,582,3,19
11190,Club+Wanadoo,271456,57,1,69
12645,-%3DOlympus%3D-,5370565,405,2,25
13738,A+Flo,315275,37,1,66
14828,GA+XX,238877,18,3,71
9741,Hyperborea+Sans+Fin,9163823,760,3,18
14568,Le+Serpentaire,7315440,617,1,21
11887,GREPO+SOLO,4457885,426,14,27
2797,Les+Dieux+Olympiens,69072408,5363,23,4
2568,Force+Honneur+bbaannzzzz,1105012,91,2,50
4220,Chim%C3%A8re,4392084,403,5,28
4629,Renaissance+des+Sombres,265030306,21145,83,1
14615,P+E+A+C+E,4327580,326,1,29
4963,AS+Spartacus,254375648,19486,47,2
