849081602,TatieMag,15672,957,518,1
849114253,achil83,15672,892,521,1
2094801,tueur+5,4629,926335,216,75
4897404,Fa%C3%AFdel,15672,3698,460,1
402207,rel87,3393,2519119,144,184
4816194,wireX,15711,1125,509,1
1092993,SALAMANDE,2797,26476,401,7
849097768,Redbul57,15672,2097,480,1
849070442,solei,4220,20690,410,3
4247039,jijitobaba,14939,228,537,1
848953961,Catio,15672,5685,448,2
849097145,Ar+Ankou,2797,29850,393,8
849112972,Temusarr,15672,979,515,1
849117471,Bonjoure,,197,541,1
849104074,okunkran,,0,548,0
848921471,jlbb,,851,522,1
849090989,NOUNOURS88,15672,11363,426,4
4536002,jefflomme,15188,5842880,68,434
849081800,Luxurius,15600,20029,412,3
849080538,Minifreee23,,1156,506,1
849067572,benaitreau,15309,24716,405,7
848938194,marcob1,15525,141494,333,12
849098028,Alfred572,15672,2737,471,1
849105979,Dedjo,15708,86442,351,10
849094802,Espadon+Fougueux,15624,86865,350,8
849101797,Gedeon29,,47584,376,9
2075360,blazzer13190,469,1580,493,1
849100651,ROGUE7777,15672,1954,486,1
4714042,nat+le+bg+du+43,15309,580,532,1
849095675,Lord+BabSa,15672,2949,466,1
4823345,xavier5,15672,1230,501,1
849102233,rv64,15709,3801,459,2
849060950,Ttinair,15672,17953,416,5
849112856,Troll,15712,10103,431,5
849087231,Jagjag,15714,1252,499,1
849114246,Else,,2170,479,1
849109431,Ttlegrand,,3551,462,1
4875913,Sparte24,15711,9393,434,3
848936177,marsiud,11887,462471,270,76
1470129,Saint+Achille+Akhilleus,10229,91587,349,12
849085582,derbantin,15521,435464,274,39
849086014,Mercedes,15359,364264,281,38
849063757,Tetsuo69,15672,1122,510,1
848942103,-Melchior-,,782,525,1
1617582,SYLPIDRA4,15701,11186,427,2
3330521,luvib,15672,1570,494,1
1013305,vicky2000,15694,4667,455,1
849056579,skyre,,0,549,0
849109495,popof,15518,7062,440,2
4909893,elyeti,,0,546,0
848992240,Maelon,,539,534,1
4082924,diego3,15309,1473,495,1
848946367,benuche35,15274,303847,300,36
3430193,phdu,15666,899,520,1
327002,Beir+Angus,,1169,504,1
849111353,TeTar,15672,753,528,1
1114978,bylly+le+kid,15672,3183,464,2
849061643,-hpfer-,15576,62032,367,5
849008177,NEC+PLURIBUS+IMPAR,15711,4675,454,2
4545493,Stevelejeune,15672,2072,481,1
1842266,Touifi,15548,465378,267,48
849111552,Floribus64,,725,529,1
849082607,Utaelu,15682,64814,366,10
1219835,parinor,15672,1133,508,1
849112573,blondin+1884,,214,540,1
849117547,Slsrpr,15672,917,519,1
849104067,sozz%C3%A9116,13511,2064,482,1
1518052,R.L19,4629,1663447,174,149
932346,petitbandit,15130,2469496,146,190
912234,berzaut,,472,536,1
849107354,Azerkai,,814,524,1
849073280,MAP54,15666,3185,463,1
849107234,mallauryhecq,15711,1991,484,1
849109852,Namiah,15697,8187,437,2
1542840,henrick69,15359,76721,356,8
1320435,Hiram+Abif,13109,3640,461,1
849116998,Brennain,,769,526,1
849110523,Benderre,,1631,492,1
849033011,lutsu,15654,8822,436,3
849117520,Nanou25,,534,535,1
849116910,Dracol,15672,1226,502,1
848980639,demo340,4220,15960,418,2
491557,international,15711,1164,505,1
849102523,cobra36,15666,53912,375,6
849108692,Electre,,1222,503,1
849096521,zenit031,14655,39907,383,4
848935329,gazour,,666,531,1
2599009,batata1978,15672,10641,429,2
849018452,alkla,15309,5747,446,2
849116650,MEKKZY,15672,821,523,1
2348867,paladin38,15672,3122,465,1
11458,crosamo,15708,5103,451,1
848922892,Bastoooos,15715,968,516,1
849088592,Methistocle,15672,1011,512,1
849116857,Romzi,2797,1901,488,1
848979757,christiankiki83,15525,2418,474,1
848963127,SILVER6299,15672,59197,371,10
849117100,guest-5756bbaa96eb47bda9,,0,547,0
2272011,helenesy48,,2063,483,1
4544980,king-one,15672,5705,447,3
119662,thyn,15672,2882,468,1
1970472,Drakkar33,4963,14192125,5,1035
849117129,Mariane2000,15309,959,517,1
849116954,KaRA,,768,527,1
849116833,papum,,1108,511,1
849096570,rico011,14655,40654,380,4
848953593,GreenFull,,571,533,1
922331,vassilis021,,175,544,1
4708744,Aragorn05100,15672,1321,497,1
3931768,d%C3%A9tronos,15672,2945,467,1
849105046,Borg2,15672,43487,379,7
224490,Octilis,15378,2390,475,1
849043944,Ptahotem,2797,28912,396,7
177982,Asclepsios,4963,4631110,92,340
849094902,reg-le-vicking,15672,7993,438,3
849104368,rflupke,15672,6947,441,1
1942137,Wohjing,4963,8251747,34,603
849039453,frederic94,11887,1143,507,1
2662534,Dezza,,26873,400,4
215977,arnaudbernier,6369,105253,344,10
848896550,papimouzo,6369,249415,308,25
849093988,Pri0xx,625,113107,342,13
849117094,Art68,15672,1851,489,1
3589514,Le+Gitan+65,15672,16865,417,4
849003182,Clade10,15711,5896,445,3
849091833,Rick,15711,2728,472,1
849091884,n%C3%A9mo,15711,6376,444,1
4388585,Finduilas79,11534,146312,330,22
3539110,Boozky,15039,3720445,115,327
849072951,emy+sterre,15458,990135,212,78
849115118,Conqu%C3%A9rantVince,,0,545,0
849055516,nordic28,15672,1316,498,1
849082865,Jedi+Juste,15693,23468,406,5
849023877,Alf2010,7613,10318,430,2
4895054,pastisricard,10229,653974,247,51
849054895,kiezer,6369,120858,340,13
849104112,Fraga,,1984,485,1
920494,Brutus69,15705,21619,408,3
933437,kids84,15672,12223,421,3
1324486,neohector,,76480,357,8
999346,chipiepingping,15672,28764,397,6
849085513,watsolmes,15521,309052,298,32
849098767,ShaYan%C3%86,4629,463994,268,40
849006694,Elisa45,15711,11966,425,4
413898,galuremarche,15672,2279,478,1
849114723,Stafia1111,2797,92334,348,8
849079470,mans31,6369,392510,278,29
320826,Te.Deum,15711,5136,450,2
849044273,noyt,625,560019,260,56
1425420,gina55,15679,12042,422,2
849099332,Flonaldo,15672,4806,453,2
849107865,HiverKlhjjgkhfjfdkg25025,,1230,500,1
688467,victor+newman,2797,9359830,26,711
849048602,Sebio,6369,207962,316,24
849109727,Cygogne59,15672,13216,419,2
683056,fouding,15359,314072,295,35
849079995,urka,15672,56830,373,5
848891892,Mocen,2797,11977,424,2
849099164,VengeurJean10,15672,1921,487,1
978595,acquario,15672,18103,415,5
849075559,Isaao,15309,4106,457,2
849112920,Bolou,15672,12001,423,2
849115016,Pastaga2711,,219,539,1
849114638,melofarmer02,15672,2507,473,1
4914563,ingridia,15672,5338,449,1
849032312,Jerem+le+conquerant,15309,1300805,192,112
4340219,Akasenshi98,15672,25847,402,6
3222309,bissaquine,2797,500250,263,51
849105415,MARATA,15711,2798,470,1
618197,For+Poseidon,6369,71080,361,6
1911590,Hawkmoon269,4629,4578099,94,335
2854603,American+XIII,4629,1059944,206,96
4906644,walacel,15447,227480,313,21
849108171,RugissantYfyfttffyf46561,15378,4858,452,1
849082486,Imer19,4629,668190,245,55
454117,Brochet38000,4629,5297988,77,472
4462566,gros1919,15672,20225,411,3
1717618,snackiller,6369,922458,217,74
1917871,03jules,15359,107306,343,15
849106007,Pochita,15708,131325,335,13
849093785,almasse721,15652,1733,491,1
3753151,cemwamem,10229,163570,326,15
1790666,aladin630,4629,1065625,205,128
849038780,Toxston,,175,543,1
849090540,Chatouilleur,4629,752678,232,58
3708223,Corentt%C3%AEn,10229,673631,243,60
1357735,Mankao,15672,61170,368,9
848918202,Lea666,,246888,309,18
849089917,hardpunk,6369,341928,289,36
849109589,Elisabetheu2.0,15708,12940,420,2
2564622,drattoc,7613,462425,271,39
1457157,billloud,4629,583389,256,50
849082762,esisteban,15521,455209,272,41
4169431,boccarossa06,15672,7506,439,3
1349118,CHULAK,14643,3991480,108,323
849052039,mako1,11887,2356,476,1
849111525,Itz+H2o,15700,25625,403,5
1687474,KOUYATE,15672,121671,339,17
849104469,valfrosore,15672,9276,435,3
848892201,zxr750r,15247,99915,345,22
4921400,Gaia2,15711,6826,442,3
848906341,asteria56,6369,600377,254,48
849057676,lafoudretombe,15672,1007,513,1
1785685,nicolas+D1,2797,94581,347,13
3792931,DSF+Niby,2797,59731,370,8
849053695,TOTO181123,15359,426760,276,44
849031817,riquette,15711,9413,433,3
4443132,Dom030567,2568,68580,363,5
849055223,dioufy,11887,18231,414,3
2013273,Malraux,2547,3796446,114,277
848308,squalerik,4629,348790,287,42
849104746,lkhlgkjgkgkjglh,15600,10749,428,4
1059637,Lillusionniste,15130,4158938,104,315
849101693,Solivagant,4963,520284,261,40
677642,boum164,625,6841594,58,508
1204859,romainp16,6234,195476,318,21
4242043,fautvoir21,15265,680781,242,62
1110109,hadessamafr,4629,4821904,91,355
1412613,kyanos,15039,4057928,107,348
873594,died,15672,20872,409,7
3204869,Bentow,4963,6931185,55,599
849076544,P%C3%A9riclith%C3%A8s,15691,61035,369,10
848926174,Fla57320,11887,27432,398,2
169058,arnaud49,15098,355512,285,31
1189933,PILOU95,4629,2103270,159,200
3745681,Kotani,15664,171491,322,16
4826087,jogger,469,59189,372,11
1144513,titi+999,4629,681012,241,56
195585,philou62,4629,5520305,74,413
848969805,Rodiac,15711,36416,388,7
849103529,kevin3115,15672,324930,291,29
793147,gaulois99,11887,1523661,182,120
3531872,jordalyne,11534,424909,277,47
4328865,Emrys1597,11887,276562,306,27
4365139,MisterBack,15624,980,514,1
3884410,SanofiAventis,4963,7019253,53,611
849103794,Shyarlie+Enora,15713,169678,324,17
4524352,HELIOSPARTOS,4629,5675839,72,425
2598201,minotaure08,4629,14500040,4,1068
849042809,ymt16735,4629,1454937,183,107
419305,belleamour,12645,5012110,85,370
1298422,Maureen881,469,117111,341,13
848940660,Afreu,4629,969821,214,119
1371874,LeGrizzly,4963,14069480,6,1026
1650239,MnouMomo,625,14700028,3,1081
1090555,Dargun,4629,1245881,196,102
1295601,Themodocle,10229,6720068,59,491
3123223,le+poulbot,4629,3939933,112,376
4849442,barcus64,4963,8030893,37,586
849052902,justo64,15518,169968,323,18
848942967,peric113,2797,5101733,81,445
849089249,Christian67,6369,40240,382,6
849109494,Goudurix,4629,128871,336,12
3533984,Thorgal25,15039,1228969,197,99
1931319,marseillais02300,4629,4371098,98,391
1393972,IMITH,4629,2280082,151,217
308035,jejebabi,625,8039715,36,589
849062858,Charlemagne59,2797,2752933,136,204
1208925,Yggr,13938,9085501,29,917
849070468,BETTYBOOP,15486,240237,311,39
849109404,Napoleon1708,15309,30325,391,9
1888072,patatoch73,13938,12894300,10,943
2236124,titi67d,6369,1743405,172,179
849117594,wyzeee,,223,538,1
805555,koco57,2547,6854407,57,504
380152,crazyfilou,625,5063909,82,393
849081933,Furyia,2797,289185,303,29
4081018,pataplouf33,15672,29921,392,4
1356374,kaisersos%C3%A9,2797,2423129,147,202
722826,miles438,4629,5389824,76,394
1922799,Val+Can,4963,729776,234,56
2277926,furibond,15359,324089,292,37
1848963,bool2,625,8419177,32,614
836859,Polubios,2547,9923408,22,725
849103149,jacknapadi,11887,37980,384,4
849102465,ditexolop,15665,278252,305,24
3672868,Phild65,4629,1623206,176,124
4892836,shelby80320,,731471,233,66
1688629,Cap2matxo,4963,5526760,73,420
4910143,Carthagenus,15666,1564331,179,132
4568651,Ultrasliberi878,,177,542,1
471045,OM76,11427,3405825,121,252
848942754,Practolos,15672,37960,385,10
1986254,ugis,2797,1185296,200,125
4070907,florianh89,10229,725723,235,62
4918537,HellRaiserT,15672,168101,325,18
1176796,bedoul,15670,40240,381,10
335335,taxi72009,469,4963092,88,433
849102483,Kenshicarus,4629,578013,257,47
228407,Dexir,4629,2575536,140,228
2344908,Mrmonsteur,15672,36488,387,5
4735017,Brakus,14828,79507,355,6
1773508,Icaredison,4963,7707351,40,568
849108909,Verbalisator,2797,71599,360,10
1343843,gabare,15585,2615424,139,196
4067667,benzoni2015,4963,2046418,163,235
252312,titeuf42,6369,5763486,70,421
849107351,ddlamenace,,679,530,1
788545,germaine136,2547,7120720,52,540
4866910,zeusb007,6369,377763,279,44
2132044,Konstantou,4629,1883170,168,165
848960763,john03140,4629,720346,236,71
4311892,nic0b01,6369,313552,296,33
1843936,Ath%C3%A9na450,15644,96993,346,16
3225221,Gusgui27,15672,132334,334,17
4906567,MissLazu,6369,3719373,116,318
11369,fonfon65,14655,4847349,90,364
129433,pollux38,4629,13229429,9,970
948379,Metroid67,625,8533931,31,629
849054056,Britanian,4629,2377383,148,180
252582,Elyk,6369,308830,299,25
849090507,Hydre4654,15188,178067,320,22
848948620,doudoupremier,15486,210758,315,36
3053728,Titofff,2797,15041445,2,1098
53068,politesse,469,7609563,42,558
27574,pypo,4963,8106156,35,591
1383865,hemdall,15672,22256,407,3
848947799,loumos,11887,1202918,199,91
849085454,nicoLeVoyageur,15521,451601,273,40
49998,Claymore,13860,7430660,48,560
238624,den71,5163,789509,226,66
1059963,KFAB57,4629,5988966,64,443
849046108,Hinuir,2797,1648731,175,128
848953976,Ath%C3%A9na%C3%AFs2307,6369,2090367,160,161
1722479,Hugov+Ier,14962,2360770,150,180
849081089,kikidou,15521,645475,248,57
849102664,H%C3%A9rodote,15703,32688,389,3
2075244,donjon28,4963,1794081,171,204
4657385,BrEwArDe,625,5441680,75,500
483014,totor777,4629,4368449,99,373
1488647,willydu61,4963,12193762,13,891
849031429,gepadecb,15711,9611,432,5
848953153,BRUNO44000,4963,144496,331,22
1886309,Lapo%C3%A9l%C3%A9sos,15521,643515,250,55
849081216,topilouf,15521,619886,251,53
1752698,ricox21,4629,4303643,102,377
3935316,Lutti389,15710,346277,288,31
80931,neuneu,6369,1246816,195,115
3566015,kikoo5937,15639,122726,338,16
3365763,stephoss,4629,941671,215,117
3875018,soupepekinois,15359,432990,275,40
2488129,lafteur,12541,9258796,27,688
3366852,rolando1,11534,4565575,95,336
163574,Parandus,469,10089129,20,755
3443166,NWAWS,15660,366501,280,37
996607,bidouille94,4963,10937242,16,799
453332,napoleon17,15585,3040395,128,227
931863,isabellacity,6369,822252,222,117
681046,mongeneral,625,2276067,152,271
690100,Edouard1965,15188,4443285,97,340
849107460,Rootwood,15672,3804,458,1
370615,Sir+Guingamp,15559,1134518,202,83
1944560,Leglandeur92,4963,9736225,24,710
849055850,foufalo,11887,67165,365,7
849116876,Jujusti74,6369,4108,456,2
189623,dobigny.n,10229,7156117,51,562
848985825,miltiade68,15672,218336,314,22
1597646,Goulati,4629,1594341,177,120
849102309,AresCool,15665,314269,294,38
421488,Mythriomid%C3%A9e,14962,1043410,208,80
3673902,aurore-rose,15400,789558,225,87
3534158,Kenzo139,15039,4338684,100,406
2684235,kaloula,4963,7515982,44,550
849080334,Klargus,4629,644279,249,59
37071,rococo,15581,70366,362,8
756988,laraindiana,15052,706905,238,76
849086557,Ratatouille17,15573,497039,264,49
849095521,HKator,,354767,286,44
1786558,bois-colombes,4629,13468969,7,983
1087174,alph%C3%A9e50,11427,6957797,54,513
1001813,florent+u,4963,356616,284,26
3349595,THIERRYY,14568,7314855,50,617
1078024,le-tite,15707,1796,490,1
4099390,vincent4611,4629,1129651,203,121
849080252,V20B10,6369,142951,332,17
1971247,Rand+le+calme,625,13364257,8,976
4098162,ZORBECLEGRAS,13938,7698387,41,570
849038422,Aion,4629,2471784,145,190
849074312,Tupinor,10229,297948,302,23
276734,benanto81,4629,2545190,142,188
1264574,fifou17,13387,1172184,201,121
849004488,Adriana,15672,162177,327,21
849105468,M+el+matador+m,15708,148418,329,15
1762376,dedel03,4963,12078720,14,891
1867727,coup-mouss,11534,5267721,78,385
1948293,jyulandoli,4963,759107,230,88
848990958,MUCH,15672,2880,469,1
1218186,Niels+de+Hecke,14500,27432,399,2
760457,Macxa,14644,3359057,124,268
1487209,marc71,6369,904476,219,99
100175,kehops65,4629,1381860,187,123
849073982,Arnakos,15465,281166,304,21
849004361,nipoune,4629,792742,224,66
2304678,aazeva,4963,2065230,162,152
849110426,Fr%C3%A9do.L.53,15708,6727,443,2
1681513,matlili3,13511,2527344,143,205
2355421,JeanXXIII,15359,29279,394,5
849074365,Eejil,4629,842315,220,91
1317333,djney,4629,1739054,173,142
1687361,ggdm1,4963,10436716,17,770
849008149,KiraOmbre,4629,609322,253,62
204546,fabien59940,4629,2890661,130,231
1612962,xxhatchepsoutxx,4963,7872340,38,588
2095648,Mitsumasa+Kido,4963,5139716,80,376
4211777,Herm%C3%A8s+Ail%C3%A9,4963,5060897,83,380
1936143,STEP59,4963,7787582,39,606
848995358,loup1,11887,334086,290,29
604154,lalouve66,4963,4892177,89,359
4835577,pourtales,6369,476426,266,85
615329,shaka783,4963,7458596,47,544
4145102,Olimpia25556,6369,1906533,166,231
19540,BELTEGEUSE,15672,29208,395,6
1865707,Mornat,15382,5890901,67,439
849057437,SPQR,15486,670481,244,69
263677,esmheralda,4629,9526056,25,714
274075,dede59,4629,1225549,198,91
613830,joebix68,4629,15332259,1,1121
26267,titou38,4629,4253636,103,353
4910149,bionana,15672,124096,337,15
4409002,gege824,4629,5956308,65,439
849104356,Support,15676,162017,328,20
849070568,BEBEL64,4629,784760,227,105
1400875,Spip,2797,12765515,11,931
849089248,Niwak,15684,1287913,193,96
849015575,La+BORDELAISE,15672,46751,377,8
849076816,Johnny24,4629,715562,237,69
4599724,Amphitrite1234,15513,1351902,190,108
920053,CIRE72,,12566613,12,923
849106953,MVS89,11887,76208,358,11
849103668,Anthony+2026,15711,45633,378,6
3216810,elgnoy,2797,1397058,186,125
2393312,valentinF62,13938,2790255,134,239
219118,Mac+DUFF,15309,242348,310,30
186193,MICHELBRU,4629,7335121,49,541
849101826,Triphasor,15359,73181,359,9
415017,gatouille,4629,4963169,87,370
2244628,alcunni,10229,2265478,153,167
1709892,Kervador29,13938,9216659,28,675
53637,kikiver,4629,3661433,117,286
849115711,Kerozyn,15666,1467,496,1
848883684,Pyre,14892,2109521,158,178
2928748,reexana69,15130,2699901,137,247
1996188,U-96,15359,1266813,194,162
2573526,Alfred78,4963,3969245,109,290
1888010,legion95,13530,10190988,19,743
2247524,totola2,4963,1401353,185,113
1074959,Karpaty,4629,4076064,106,308
1933171,lgd72,13530,9957377,21,729
1303533,gbsd,4963,2824765,133,214
849083819,Perseus+Ier,4963,840163,221,73
3714558,DarkMagO,15672,24995,404,7
1919067,Eeth-Koth,2797,5051603,84,437
4321787,Citymen,6369,1899567,167,197
1901857,olive1967,4629,1450651,184,120
781488,jugui,15687,11749503,15,867
2635446,nonovitto,15098,660978,246,53
4625531,Starwars76,15323,1794156,170,141
4827798,anzz08,4220,463720,269,36
4311089,LEXXUS+GA,14828,79669,354,6
1725762,basketteur222,,54192,374,4
849082285,Biditchoun,15541,173861,321,23
849081780,piol,4963,303453,301,27
633613,Phil83,6234,507492,262,37
35324,H%C3%A9ruur,4963,909786,218,68
923982,gibus03,4629,6657189,60,495
98182,likiki,15567,687177,240,54
4645712,steve.0,15207,2903920,129,223
2937274,Fourtou,15130,3407441,120,313
570985,lemort39,4629,779926,228,63
351606,lefossile,4629,970336,213,79
4907536,natilou,10229,2654676,138,251
648290,Cyparis,6369,30851,390,3
4892162,Layla29,4629,1338814,191,130
1414366,Sanmark,11190,271313,307,57
917480,COBRA97,4963,3953468,110,383
140759,TheDonz,469,2867566,131,277
4518813,fontaine14,13530,592397,255,47
2585558,02INGRID03,469,1820374,169,168
2210326,lorieataquante,4963,3279837,125,243
849094296,Rafalou,11887,357437,282,47
3582890,-k100dre-,12645,356846,283,35
849027477,tonybelga,15576,201884,317,27
849104701,KroKKiKrok,15521,81864,352,11
2874414,Perraudeau,10229,2110938,157,181
1062653,papaluc,625,6220682,62,539
2102283,zidane1998,6369,1038911,209,77
4740559,merithaton,4963,194392,319,21
849082462,siouxsoune,15521,613320,252,55
4924595,manudouguet,15098,1569265,178,174
1298963,LePiou,4963,6529581,61,499
3999499,Lirce,9741,5234291,79,384
1057486,nono+man,15130,4158062,105,304
109430,Cinthus,15188,37888,386,5
4888320,Gladiadus,4629,2372645,149,190
1213626,galix14,4963,1922208,164,157
4881217,Moringa,469,3506446,118,268
1901715,doville+76,4963,8354169,33,695
727881,manu.39,4963,5927791,66,436
2838139,raiy,15477,774843,229,71
848911564,REALITE,14828,79701,353,6
4528569,omega59100,15711,2352,477,1
848958218,hdfxd,6369,1368942,189,146
1921919,campa,15188,2114206,156,173
1905875,lauteret,4963,7519699,43,638
849079748,Balteus,4629,702835,239,70
849079985,dakaz76,4629,1529096,181,113
849100560,BENzo,2797,808469,223,59
1068877,Vansdethi2,4629,562905,258,55
2281111,dede67140,4629,1376335,188,106
755346,axel666,4963,9837508,23,740
215238,Minot-taure,4963,2230425,155,180
448810,ANDREABL,4629,3895242,113,344
1013556,joel53,7360,5701328,71,422
848893587,danylou,13938,2755907,135,241
698008,etho91,13938,4502752,96,329
849073804,Alastor.,4629,1017406,211,94
848997568,Lusiris,4629,2083108,161,153
673697,smoon,4629,1916300,165,177
4055546,El-Tiburon,11534,4611859,93,340
3109300,Isohypse,469,492580,265,62
849081564,Julien2485,469,234875,312,26
322489,BARONBOB,4629,2564287,141,331
849055848,chienrage,11887,67254,364,7
3532752,Ezeldriin,4220,2837345,132,277
4336058,stamod,12897,3371071,122,248
1196984,TantanMeignier,4629,7484961,46,546
1464164,brynner,4629,3230352,126,286
463299,jessyblanca,4963,311280,297,32
1788347,rnycbb,9666,3441336,119,253
2905500,PW67,13738,315275,293,37
2267056,nenette74,9741,562232,259,73
1320507,Boomerang33,13109,18869,413,3
672849,TORRADO,4629,2264194,154,221
405626,aucha,2568,1036432,210,86
4789409,Lek76,14615,4324955,101,325
1333767,dylme,4629,757195,231,89
1360246,Musslin,625,3945765,111,308
1061020,michevel,4629,9001950,30,657
52749,SilverMattof,4629,1545029,180,116
2428871,target-53,4629,1110578,204,98
911835,eivlys62,9741,3367300,123,303
606842,franck56700,4629,5778803,69,434
359242,jo120592,4220,1054283,207,85
2827222,spartacus2ab,13511,5000631,86,376
4668157,saucin+luc,13530,3224905,127,287
3288880,Christosilides,,6210828,63,464
4061524,heimst,4629,7515508,45,570
3103606,dumer,625,6916712,56,527
1891588,civodul214,2797,10280091,18,753
